0.09917597
0.11344590
0.11065718
0.11849730
0.11036536
0.10500502
0.09945794
0.10190580
0.08545737
0.11552126
0.13184709
0.14826603
0.14631201
0.14933442
0.16024280
0.16355461
0.14623055
0.13816433
0.12657051
0.11925189
0.11046135
0.07167987
0.09720775
0.12317745
0.16305568
0.17807577
0.18839501
0.20065243
0.20822939
0.20602599
0.18233254
0.17434711
0.15369000
0.13677390
0.12612007
0.10650419
0.11175580
0.11256645
0.10301960
0.10945644
0.09404102
0.08191113
0.07932927
0.07623732
0.07107293
0.06409513
0.09636451
0.10842284
0.10194642
0.10841908
0.16267563
0.19862616
0.21737279
0.22412325
0.21605524
0.22278650
0.20842331
0.19276154
0.16977802
0.16206745
0.16687933
0.14882132
0.11937724
0.13045921
0.12889447
0.12344332
0.11644607
0.11239192
0.09688978
0.08752943
0.08495510
0.08620602
0.08360238
0.06782992
0.08847818
0.08124097
0.07135849
0.06559631
0.06347080
0.07868719
0.08603964
0.10329899
0.06720191
0.04945628
0.04587355
0.06700318
0.08956269
0.09772011
0.09453306
0.07834363
0.09803504
0.17463686
0.21935421
0.24402591
0.23857219
0.22495213
0.22164064
0.21952466
0.21071528
0.19949309
0.19499552
0.18907288
0.18207310
0.17067373
0.16147012
0.16407509
0.16140974
0.15412457
0.15283405
0.14690562
0.12478276
0.10194538
0.07986476
0.07775596
0.08700347
0.08375081
0.07429422
0.11114890
0.11624573
0.10498979
0.09843582
0.09951775
0.11544020
0.12002453
0.12105570
0.11049883
0.05379242
0.06067147
0.09274009
0.10533078
0.09580943
0.06601011
0.04122826
0.03327652
0.10144446
0.19006989
0.24255581
0.26381374
0.24492673
0.23245625
0.23181715
0.21798155
0.23078492
0.22651559
0.21154450
0.21938068
0.21680300
0.20324997
0.19624359
0.19296213
0.19116198
0.19438226
0.19067823
0.17810337
0.16214498
0.15089747
0.12873179
0.10388711
0.08247136
0.08538574
0.08700022
0.09174712
0.08883453
0.07781956
0.12921837
0.12477981
0.12883090
0.13481869
0.13233995
0.13671117
0.13943752
0.13859188
0.14120981
0.14836325
0.09123608
0.05548316
0.05727287
0.12278125
0.15040061
0.08901192
0.07322007
0.01524795
0.07425933
0.12728018
0.16806916
0.21987767
0.25024225
0.24228813
0.23915387
0.22797632
0.23129564
0.25514064
0.25005719
0.25290397
0.24699037
0.24091437
0.23959333
0.22085425
0.20952826
0.20909648
0.21592004
0.21170173
0.20765457
0.19598870
0.18516685
0.17157298
0.15433026
0.11185051
0.09000030
0.08682828
0.09409126
0.09805231
0.09707189
0.09218839
0.14557625
0.14582783
0.14285060
0.14698264
0.14189361
0.14866020
0.15475998
0.14683120
0.15602080
0.15744504
0.14620079
0.09753673
0.06847675
0.07507963
0.14884329
0.16301778
0.09794762
0.05642875
0.05801392
0.13546891
0.16042219
0.14492866
0.20381117
0.23340048
0.21588990
0.22034884
0.23174209
0.23446793
0.25351989
0.24865704
0.26594115
0.25806894
0.24270927
0.24945095
0.24240879
0.22580270
0.22940533
0.21145470
0.18535160
0.17616533
0.15674367
0.15093295
0.13992586
0.14740345
0.13800479
0.11816537
0.10576592
0.09490196
0.09826340
0.09952639
0.10020804
0.10184394
0.09512902
0.15038961
0.15521389
0.15790126
0.16247645
0.14776640
0.14257544
0.15338933
0.15629659
0.14825817
0.16368170
0.18828979
0.16636149
0.10568963
0.07588519
0.07848140
0.18496854
0.16145328
0.11567271
0.03003477
0.09182588
0.14788096
0.17901054
0.14028383
0.19027957
0.23032071
0.22801928
0.21536700
0.24829557
0.24758153
0.26483866
0.27557538
0.27408046
0.26581912
0.25688387
0.24721456
0.23311875
0.22012218
0.20201705
0.18755630
0.17116949
0.15897994
0.14593002
0.14794744
0.14344990
0.14678168
0.14229523
0.13377781
0.11939856
0.10998683
0.09850283
0.09480915
0.10018573
0.10044406
0.09191350
0.09043697
0.15918002
0.17010375
0.16481249
0.15896241
0.16111860
0.16288436
0.16121901
0.15218774
0.16433969
0.15934216
0.16705604
0.20179837
0.17938438
0.15301453
0.07718212
0.08940609
0.21848931
0.17671218
0.12873689
0.01635897
0.05403470
0.11102826
0.17528448
0.14074489
0.20275130
0.22416936
0.22792390
0.21769152
0.25796691
0.25809285
0.26675430
0.27475002
0.28062402
0.27578637
0.25545245
0.24552000
0.21695413
0.19797690
0.17937592
0.14823017
0.13566948
0.13836902
0.14202466
0.13760606
0.13300230
0.13405459
0.14842519
0.13761871
0.13555721
0.13672386
0.12985979
0.11440234
0.10418581
0.09504954
0.08338852
0.07379855
0.07356272
0.18463192
0.18316636
0.17490384
0.17554445
0.17172600
0.16953029
0.18607258
0.16585662
0.17824147
0.17934636
0.19427099
0.20014295
0.16536096
0.13190676
0.07474857
0.06768810
0.21850967
0.20899622
0.15201175
0.17041180
0.03735894
0.14853699
0.19607485
0.14462013
0.20859862
0.21541708
0.20545101
0.23760959
0.26160768
0.27559191
0.30431598
0.30672927
0.28807095
0.26722270
0.24699531
0.22262917
0.18419351
0.15740112
0.14018734
0.13643737
0.13154053
0.13794782
0.13769705
0.12119584
0.12268570
0.12555761
0.13946026
0.14658070
0.14895474
0.14038153
0.13871410
0.14097522
0.12422930
0.11947918
0.11350505
0.10107498
0.08212912
0.07237959
0.20333574
0.20057888
0.19140456
0.19125198
0.19058879
0.18257665
0.18397068
0.19576717
0.18696568
0.20517219
0.20170038
0.19948838
0.21729690
0.18697817
0.11753366
0.06116910
0.05674032
0.17020452
0.18970749
0.13692522
0.03478023
0.06940310
0.19570847
0.17421907
0.15133662
0.20473218
0.20203939
0.21862240
0.25344551
0.25115244
0.27135447
0.28590275
0.28379740
0.26596757
0.23653149
0.21595297
0.19450279
0.17446348
0.15149662
0.13647797
0.14331955
0.15321478
0.12933367
0.09707436
0.11109125
0.14984044
0.14812605
0.14294029
0.13327892
0.12934775
0.13810719
0.14375088
0.15218822
0.15077091
0.13738068
0.12416796
0.12313731
0.10557704
0.09030262
0.07972907
0.21640113
0.22036949
0.21758752
0.21255969
0.20698627
0.20253786
0.19394133
0.19195440
0.19431916
0.18182461
0.20707569
0.22414421
0.22089878
0.22582745
0.19714616
0.11314923
0.04970308
0.06089391
0.13776886
0.16963598
0.11513226
0.06321292
0.17338956
0.19035305
0.15194834
0.15425897
0.19010347
0.20867710
0.25363796
0.26662453
0.26184280
0.26931174
0.26040527
0.27086400
0.25518932
0.24464306
0.21122307
0.18405349
0.16660459
0.15616695
0.15076805
0.14841385
0.14566706
0.12364217
0.11419104
0.09723470
0.09837374
0.17394145
0.13300866
0.14641494
0.15449285
0.15366535
0.15056141
0.15474413
0.15331452
0.15445534
0.14692066
0.14052811
0.13386814
0.11970375
0.10376681
0.07769062
0.05807422
0.24003989
0.24027445
0.22835453
0.21084826
0.19921253
0.20885831
0.20992803
0.20121151
0.20633410
0.21636426
0.22854983
0.23548074
0.23142300
0.22588710
0.20229083
0.07757694
0.06633225
0.04116509
0.10033617
0.16582685
0.10207012
0.07608572
0.23604095
0.14381705
0.14092543
0.15341525
0.20637947
0.23356752
0.23339051
0.22947023
0.22528549
0.22520643
0.24367867
0.22498680
0.21536653
0.22926300
0.22138245
0.19381288
0.15864210
0.16000608
0.17198511
0.16820344
0.14142578
0.13033069
0.09770055
0.06847215
0.08368503
0.13879910
0.14708392
0.12922188
0.15718033
0.16453609
0.15958820
0.16343249
0.16095169
0.16585311
0.16796945
0.16339629
0.15842488
0.14459205
0.13576934
0.12343766
0.10528740
0.21856410
0.26368830
0.26546826
0.23883242
0.22771792
0.21555100
0.22049380
0.21483743
0.20298620
0.21619660
0.21419064
0.22776436
0.23879763
0.24570832
0.22636055
0.20703259
0.10653847
0.08822714
0.07051950
0.07431766
0.15199610
0.10230102
0.08274371
0.17251924
0.12457529
0.14432049
0.15915712
0.19970552
0.18017427
0.17325540
0.17039930
0.18823372
0.19530348
0.14317658
0.10442609
0.06696219
0.10727319
0.20775256
0.17164473
0.16080954
0.16959003
0.17789828
0.17502450
0.14732366
0.12141218
0.05917063
0.00180587
0.00741580
0.10960826
0.14524821
0.10807639
0.10419056
0.15016841
0.15226436
0.16961580
0.17050068
0.18294423
0.18785536
0.18192542
0.17243119
0.16508726
0.15224316
0.15211259
0.14471130
0.21828637
0.27060434
0.27386269
0.25209387
0.23058587
0.21085756
0.23531805
0.21393040
0.21879374
0.22142119
0.23253372
0.24812977
0.24901441
0.25692794
0.23681748
0.21527552
0.13984406
0.09026492
0.10945811
0.07898670
0.10278243
0.11328971
0.14337929
0.08706263
0.15259672
0.14149532
0.16362890
0.14717166
0.13178139
0.13704860
0.14490875
0.14271993
0.13629166
0.11992932
0.11905562
0.12659315
0.06374011
0.16096383
0.15863718
0.17487593
0.19187478
0.20598272
0.18074234
0.15478408
0.10038407
0.05699881
0.03795842
-0.00759939
0.08950011
0.13475196
0.13161698
0.09135901
0.10007476
0.15840413
0.16713136
0.17714447
0.19723357
0.19755183
0.20739942
0.18502584
0.18207941
0.17047133
0.16292831
0.15075889
0.13110917
0.23182558
0.27126026
0.26901726
0.25213122
0.23373479
0.23112310
0.24176406
0.24201428
0.23206250
0.24063434
0.25603198
0.26146045
0.25714501
0.26332041
0.25797099
0.22607551
0.17711805
0.10681834
0.12991651
0.11948604
0.07190431
0.09209755
0.09803172
0.12749851
0.12844821
0.11176034
0.11739940
0.12685094
0.12926578
0.12356684
0.12546107
0.15229288
0.16445707
0.13268074
0.04857923
0.12997595
0.11576046
0.13523638
0.16367718
0.17779590
0.21970343
0.21547533
0.18237214
0.15525678
0.09660769
0.06665833
0.06715130
-0.00829286
0.06932977
0.16472739
0.14451256
0.15651958
0.09245821
0.10496473
0.18233434
0.18970576
0.21271221
0.23955346
0.21984616
0.21179324
0.20668647
0.19391508
0.19139755
0.18315372
0.14847914
0.11500355
0.17292902
0.25689420
0.27723311
0.27251266
0.25538608
0.24578628
0.22984902
0.22746025
0.24148672
0.24198734
0.25064228
0.26509542
0.26007926
0.26625647
0.27978007
0.26695899
0.25952735
0.26004716
0.20244715
0.18676779
0.15416651
0.10150423
0.07803836
0.08525087
0.08758338
0.09895558
0.11987212
0.12809669
0.13316361
0.15336232
0.16224072
0.17131704
0.17664718
0.16159283
0.12719112
0.02370354
0.05666338
0.17294564
0.16586436
0.20018361
0.21331512
0.24044229
0.23731953
0.18439339
0.15734269
0.09960840
0.06748698
0.17384078
-0.00733558
0.05463040
0.16824924
0.18224500
0.17236814
0.14046610
0.08386628
0.13183011
0.19965548
0.22841591
0.24230383
0.22336101
0.22984646
0.24655325
0.22293402
0.20755250
0.19798994
0.16630170
0.12493343
0.19891830
0.25640767
0.27345088
0.26926954
0.25692134
0.24478414
0.23583752
0.22936387
0.25366755
0.23385046
0.25355660
0.26683886
0.27747755
0.27827480
0.27902290
0.27763107
0.28653400
0.22492703
0.19735622
0.13587510
0.14198761
0.15170641
0.13858094
0.12360951
0.14660942
0.16349154
0.17219894
0.18117230
0.19525740
0.21476650
0.22322787
0.23508789
0.24160342
0.19989062
0.15314218
0.08062514
0.01445371
0.11995031
0.19476808
0.23140521
0.24280998
0.26315282
0.23469049
0.22248342
0.17689495
0.10196056
0.05512627
0.19112601
-0.00320797
0.07146157
0.14506721
0.20516376
0.24895868
0.20605448
0.11706560
0.08696327
0.15878855
0.20691159
0.23416486
0.22972820
0.23923762
0.25847759
0.23742422
0.23304587
0.19878883
0.18700220
0.14497152
0.09268131
0.19515357
0.25783635
0.26800374
0.27329689
0.26340097
0.25222354
0.24999177
0.23421870
0.24787875
0.26656791
0.27236050
0.26714019
0.26673751
0.27851591
0.27084639
0.27441368
0.32576952
0.34919853
0.21403828
0.22050105
0.17005047
0.20230654
0.21868490
0.22774455
0.25653796
0.28555900
0.29741250
0.26628483
0.28652580
0.28717283
0.29924043
0.29528429
0.31438355
0.27750552
0.20678373
0.18555769
0.10294864
0.05000267
0.19252895
0.25711168
0.25391887
0.28221312
0.26336924
0.20497528
0.19158248
0.10071196
0.04791838
0.16813126
0.00636597
0.05054899
0.12813831
0.21127154
0.26470798
0.24721502
0.14788474
0.07719304
0.12394383
0.18512553
0.21681997
0.20914229
0.23869658
0.25737638
0.27155378
0.25011253
0.22367501
0.18862029
0.15668803
0.09745416
0.15007779
0.21860716
0.25011648
0.25569396
0.27200941
0.27231266
0.26396053
0.25167287
0.28432921
0.27244208
0.27619608
0.28303349
0.28256945
0.28510005
0.26690418
0.27347434
0.28380052
0.31936025
0.35496730
0.32280074
0.28666012
0.26856688
0.27772209
0.28395894
0.29374534
0.28829763
0.29552866
0.29639697
0.30804580
0.30509426
0.29913332
0.31500143
0.35760352
0.55900717
0.37425963
0.26402145
0.20652776
0.14206891
0.07185409
0.15045823
0.21696208
0.24005735
0.25825710
0.22538262
0.19985618
0.20299270
0.10183400
0.05495553
0.24325269
0.04796001
0.03373073
0.11605821
0.22171973
0.27894538
0.27407718
0.16839926
0.08372464
0.10685725
0.14120667
0.21194651
0.20214110
0.22961693
0.26745422
0.28035353
0.26986724
0.23831537
0.20853602
0.16034402
0.10157631
0.14338121
0.21198741
0.25005223
0.25599221
0.26036479
0.27851473
0.27483419
0.25995549
0.28882415
0.27481267
0.26684249
0.28292479
0.29592340
0.27555397
0.26880244
0.27547553
0.27698781
0.34620322
0.39415027
0.37554322
0.29854557
0.27459055
0.29983709
0.32132392
0.29020288
0.29343893
0.29380088
0.28859685
0.30490744
0.29741870
0.28937230
0.30801459
0.34996715
0.49794248
0.36103407
0.25369965
0.20871431
0.15601292
0.09382089
0.18083441
0.23875856
0.23323685
0.23369830
0.20537924
0.22811615
0.19562147
0.13730026
0.06759697
0.21308044
0.05341372
0.05357326
0.10437666
0.19040143
0.24145814
0.27605658
0.17728736
0.09560141
0.09956907
0.13035801
0.19454103
0.21759885
0.23009872
0.24951803
0.26771518
0.27382757
0.24764221
0.21068007
0.16568433
0.10679972
0.13272609
0.19744237
0.24518247
0.26660435
0.27785888
0.28027033
0.27520767
0.27586018
0.28932844
0.28096906
0.27439999
0.26838465
0.28604023
0.27734903
0.26495812
0.28022242
0.29777915
0.33267534
0.36465050
0.23821023
0.24383121
0.20817224
0.24446306
0.26601292
0.28413765
0.27846705
0.27504979
0.25897502
0.25939061
0.26634068
0.31175749
0.31083430
0.31606093
0.32662932
0.29163080
0.23599555
0.18931880
0.07193921
0.12909654
0.25271637
0.26102553
0.26899121
0.25460763
0.24098079
0.24593297
0.18720238
0.15897671
0.06509101
0.12638297
-0.00351144
0.06783471
0.09803220
0.16974387
0.24171140
0.31435413
0.17323348
0.09564589
0.09487279
0.13850028
0.19741829
0.23049150
0.22678559
0.25723064
0.28302959
0.28067654
0.23505181
0.20962432
0.16817019
0.10404928
0.14437738
0.20405513
0.24522979
0.27409850
0.28186604
0.29444291
0.27496414
0.27507144
0.29243584
0.28479720
0.28061463
0.28501321
0.29171025
0.26963701
0.27300296
0.27604032
0.30166573
0.34763118
0.26611961
0.20327113
0.19456325
0.17450389
0.19182995
0.19978526
0.19749604
0.17886482
0.20193193
0.20198606
0.21271611
0.21491725
0.22833285
0.23550855
0.23698584
0.26480969
0.23573225
0.19751400
0.07203076
0.05810102
0.18664991
0.21575640
0.21557732
0.22869024
0.23403835
0.26152684
0.23524431
0.20219517
0.16618005
0.08274794
0.08769712
0.00102528
0.08680643
0.10552603
0.19403540
0.26413333
0.31265041
0.21073504
0.10556674
0.10116909
0.14476524
0.18861683
0.22780592
0.22902091
0.25254744
0.27489944
0.27491870
0.22189767
0.20511351
0.14919642
0.10750595
0.21265286
0.25641064
0.28649331
0.27874010
0.28389797
0.27891872
0.26957904
0.29482446
0.27958678
0.27517377
0.27552139
0.28569029
0.26783824
0.27692658
0.30201681
0.32601595
0.34157714
0.29629621
0.22647815
0.17518263
0.20096838
0.18962847
0.13943063
0.13486837
0.11729628
0.13178317
0.16117420
0.19545128
0.19318270
0.20049953
0.18979324
0.19823491
0.23368708
0.22874408
0.18359673
0.03689339
0.05908359
0.21777420
0.15016718
0.19760396
0.20045125
0.21335527
0.23909418
0.23433446
0.19917167
0.16787506
0.10471495
0.01559726
0.00664035
0.07325871
0.11993853
0.18643297
0.24917526
0.29243655
0.20237964
0.10940695
0.11620695
0.16699483
0.20735320
0.23329771
0.23023128
0.24527932
0.25659359
0.26366700
0.21940759
0.19622354
0.14329120
0.12507469
0.24117823
0.26391320
0.27418368
0.27721349
0.28198126
0.27115723
0.26354546
0.28606522
0.26412988
0.25914581
0.26611646
0.28719270
0.27081554
0.27271230
0.30536626
0.32489867
0.35522482
0.37554600
0.26018192
0.19879595
0.17626144
0.13670959
0.12345119
0.10839057
0.14513258
0.17114596
0.14829125
0.16203675
0.17415939
0.19721068
0.20463288
0.19762533
0.19092175
0.20386945
0.19896864
0.13909505
0.09840732
0.15024208
0.13851320
0.23084549
0.20733191
0.19920372
0.22166238
0.23950048
0.20552454
0.18622259
0.12270036
0.03624720
0.01305973
0.08001551
0.13591395
0.18834996
0.25305065
0.24169844
0.17181934
0.10177177
0.13221831
0.17911091
0.23486109
0.26419520
0.23753702
0.23537436
0.24834450
0.24736240
0.21900801
0.18056890
0.16372724
0.13558042
0.23188864
0.26607476
0.27739889
0.28332664
0.27956744
0.26922739
0.26650759
0.27482690
0.27327911
0.25925907
0.26951596
0.27661239
0.27126322
0.27413206
0.28519308
0.28092524
0.32587998
0.28083947
0.19249497
0.15387938
0.14810500
0.09388642
0.13912427
0.12615187
0.16648938
0.16522557
0.17762991
0.19555177
0.20567266
0.19055858
0.20188485
0.20569753
0.22794500
0.21703745
0.19948189
0.18509607
0.16616220
0.11379768
0.21661375
0.25126070
0.22259420
0.20403850
0.20113254
0.22651517
0.21488680
0.17442758
0.15290311
0.06605917
-0.00531222
0.06188256
0.11809512
0.19127512
0.22505980
0.20456096
0.15254743
0.10727629
0.13872079
0.18792986
0.23238551
0.25355907
0.24801071
0.24639575
0.24156438
0.23787110
0.21225242
0.18084764
0.17527973
0.21293300
0.26586574
0.27636036
0.28224854
0.27982868
0.27002064
0.26005133
0.26723238
0.28116657
0.26929815
0.26795771
0.28919372
0.28068107
0.28626106
0.28837670
0.28859066
0.31687295
0.25749155
0.13552594
0.10018653
0.11288979
0.11202531
0.14139802
0.11610350
0.08878043
0.14627837
0.14894626
0.17526193
0.27036336
0.26957460
0.25859283
0.25009149
0.26202012
0.28026224
0.28607822
0.25932899
0.23969148
0.25449829
0.25991045
0.25293519
0.23379262
0.20557969
0.19461951
0.20835924
0.20860205
0.18052173
0.14434616
0.09017184
0.00731974
0.01468381
0.09931131
0.18155192
0.19233213
0.17050047
0.12117281
0.12800446
0.14276274
0.17346037
0.20328385
0.23286561
0.24402300
0.23827829
0.22487057
0.20832184
0.19081969
0.17268465
0.14739096
0.26953754
0.28260193
0.28339280
0.27408228
0.26505246
0.25550126
0.26145465
0.28810836
0.27314649
0.27092170
0.33910856
0.34030157
0.29262398
0.28928633
0.28105435
0.29234648
0.22951641
0.12146977
0.07771549
0.07966576
0.14360094
0.12822983
0.09763918
0.11245753
0.14674968
0.15978101
0.15693010
0.21674775
0.29681170
0.31485815
0.27693863
0.27664763
0.32076202
0.33222236
0.30659777
0.28775316
0.26197750
0.25831900
0.25263052
0.23886407
0.20408864
0.18352257
0.19461026
0.21530523
0.19065911
0.15443027
0.10967990
0.05734703
0.02798117
0.12473940
0.17079462
0.15882468
0.13311644
0.12472836
0.14946725
0.16838143
0.18308718
0.19594506
0.22442106
0.21728374
0.22198309
0.19265920
0.19397231
0.20265075
0.16477426
0.13870729
0.23982998
0.26542879
0.27880446
0.27359538
0.28287198
0.25592143
0.24510328
0.26266423
0.27400403
0.26694849
0.27596466
0.32146838
0.29991976
0.28507802
0.27633531
0.27004365
0.23450835
0.10092003
0.05841748
0.07157822
0.17304987
0.12506970
0.08550665
0.19668778
0.22560477
0.18126625
0.15546251
0.20195589
0.26769112
0.30511502
0.30761234
0.32021998
0.31681757
0.33103511
0.32025107
0.29810225
0.26670296
0.26101866
0.25933515
0.23072917
0.20559301
0.18378643
0.18750174
0.19047117
0.19438371
0.18747666
0.14050249
0.13944789
0.12393581
0.16461174
0.16912394
0.14430617
0.14168558
0.17216562
0.17020165
0.17797320
0.18838639
0.19619936
0.20275843
0.20978620
0.19644542
0.19422529
0.19607021
0.18283651
0.14692960
0.25826470
0.27439490
0.27432381
0.28343098
0.26772828
0.24769165
0.27068612
0.26377747
0.25528817
0.26169734
0.25466697
0.25956533
0.26946029
0.26901492
0.26258614
0.22899825
0.09816183
0.07636975
0.07155681
0.21159222
0.16224470
0.08605645
0.08484965
0.13541831
0.19359495
0.17720188
0.18526368
0.21979317
0.25475701
0.28441087
0.30934362
0.33178969
0.35779797
0.36136182
0.33325381
0.29898616
0.25730140
0.25442837
0.25849988
0.23013773
0.19934775
0.18412522
0.18507667
0.19482762
0.20261678
0.18893070
0.17543410
0.20056591
0.19571719
0.18025684
0.19153081
0.20284426
0.20456321
0.20436428
0.20993859
0.20365089
0.21018285
0.21868363
0.20829862
0.19548743
0.18622454
0.17772751
0.15541385
0.11515493
0.25632962
0.29831748
0.29588589
0.27888767
0.28007301
0.24907434
0.24532339
0.24851291
0.24501778
0.25509486
0.25610089
0.26163343
0.26893907
0.24960969
0.25573840
0.26298579
0.14339946
0.07161892
0.07945754
0.24912701
0.22136942
0.09896286
0.03726348
0.07774885
0.24123254
0.22067757
0.17408007
0.23437131
0.25954870
0.27830333
0.29900514
0.32024259
0.35714802
0.38956498
0.35335577
0.30996465
0.28430478
0.25525679
0.24443206
0.24274395
0.24010707
0.21822171
0.20172686
0.21071746
0.22206174
0.20181568
0.18343367
0.19887741
0.20249693
0.22347684
0.22299107
0.21934406
0.21318356
0.20802579
0.21711106
0.21440188
0.22136517
0.23434545
0.20073032
0.18580503
0.16736251
0.14752208
0.11090807
0.30902106
0.32490517
0.28450484
0.27766449
0.24958845
0.23591375
0.24553545
0.23838794
0.26170837
0.23864648
0.25208011
0.25738657
0.24850878
0.25802077
0.23277718
0.17954322
0.08330681
0.09187233
0.28499666
0.26318555
0.14395852
0.08289004
0.05579419
0.20508083
0.25941764
0.16118935
0.23077337
0.27889927
0.28049486
0.29643513
0.30904789
0.31679381
0.36439266
0.36493613
0.31670555
0.29549063
0.27123407
0.25790754
0.24875031
0.23620463
0.23478421
0.23053402
0.21025427
0.22107839
0.21854653
0.19645420
0.19475536
0.21186877
0.22105823
0.22241655
0.23383004
0.23177153
0.22494115
0.22555698
0.22358486
0.21151460
0.20929626
0.19169525
0.16574474
0.13984350
0.10649172
0.26680760
0.29836473
0.27233529
0.26388011
0.25144774
0.23767333
0.22895799
0.23887948
0.24946560
0.24407103
0.23930170
0.23685314
0.24179480
0.24449299
0.22869897
0.18456682
0.10089852
0.11038763
0.29165030
0.24446827
0.16634940
0.02875613
0.06909493
0.17621700
0.26754822
0.17915100
0.26694785
0.30150328
0.28696590
0.28662235
0.30936260
0.28899020
0.34698416
0.36904478
0.31598513
0.31808271
0.29846317
0.27854907
0.25143495
0.22862347
0.24418015
0.25397794
0.22646326
0.22621415
0.23611603
0.23412715
0.22401646
0.25971312
0.25247882
0.24296202
0.24409323
0.23267277
0.21492987
0.22478924
0.19507241
0.19923063
0.17408973
0.14693561
0.12445972
0.11160286
0.25044396
0.25202074
0.25634210
0.25332219
0.21789419
0.21813908
0.21518505
0.21080687
0.21767630
0.20850564
0.20343942
0.23616250
0.25417106
0.21733880
0.14360528
0.10252847
0.09753271
0.24480436
0.23056902
0.15425079
0.04726386
0.12508193
0.21684743
0.26939739
0.19652490
0.28567191
0.31046082
0.29131625
0.28252666
0.30355349
0.30211000
0.34480222
0.35390937
0.31649422
0.32006574
0.28950318
0.28072674
0.26442148
0.25208044
0.24409412
0.25570922
0.24955074
0.24123448
0.24797745
0.24651042
0.25132258
0.26842646
0.25496279
0.22701243
0.21390308
0.19921163
0.18986330
0.18211627
0.16686980
0.15145123
0.13522298
0.13095661
0.13606160
0.22658688
0.23617917
0.23915792
0.21269080
0.20053653
0.19964474
0.18715722
0.20504851
0.21195802
0.21624612
0.22426532
0.24057379
0.20970391
0.16141155
0.09600962
0.07842811
0.19740247
0.21503577
0.14973609
0.09760973
0.03265952
0.16351228
0.21295703
0.21758069
0.29735689
0.33009544
0.30803977
0.30783005
0.30457990
0.30217009
0.32335498
0.31321320
0.28753069
0.28091436
0.27912089
0.26378019
0.25642423
0.25172292
0.25567164
0.24950276
0.26366075
0.25497966
0.24411922
0.23954715
0.24010908
0.23539661
0.22685756
0.20410134
0.19684096
0.18080684
0.16983513
0.16069741
0.15744049
0.15596908
0.15012685
0.21294079
0.22067053
0.22162782
0.20589279
0.19479981
0.19661515
0.19218824
0.21089342
0.21185525
0.21502544
0.23652165
0.21334117
0.14209802
0.09065246
0.07727993
0.14736781
0.20578313
0.17463319
0.09660617
0.04713511
0.07404488
0.17439463
0.25710259
0.29316793
0.34181729
0.34069070
0.32211733
0.30441191
0.30085279
0.33990061
0.32540285
0.30342265
0.28163020
0.27641703
0.25437426
0.23563029
0.23039168
0.22867425
0.22952508
0.23487654
0.23050167
0.22681167
0.20933830
0.19836702
0.18640342
0.17604528
0.16637243
0.16404790
0.16074910
0.16189783
0.16766070
0.16158918
0.14497761
0.20506718
0.20018845
0.20214149
0.18970736
0.18304873
0.20063360
0.20263113
0.20231657
0.20372241
0.20918361
0.20307671
0.18178372
0.10523114
0.06437917
0.12168445
0.16505209
0.17429125
0.15588363
0.09902524
0.09620286
0.14642779
0.23393315
0.29764655
0.33162405
0.33943664
0.33461649
0.31096722
0.29406555
0.28419619
0.30630393
0.28078962
0.25660272
0.24009227
0.21321759
0.19692163
0.18417342
0.18459288
0.17915488
0.17552918
0.17148260
0.17280690
0.17566344
0.16472405
0.17430635
0.16052843
0.16950163
0.16532337
0.16613768
0.15321924
0.15053242
0.13834696
0.17909302
0.17009301
0.16831881
0.16196645
0.16965592
0.17565098
0.18050956
0.17607899
0.17380985
0.17608697
0.12363544
0.06809313
0.07823282
0.11229584
0.13300000
0.16151957
0.16091805
0.16029983
0.15705402
0.23988778
0.26611092
0.30777408
0.30790294
0.31401830
0.32658020
0.30087570
0.29361031
0.26288940
0.24303189
0.21120724
0.19339755
0.17965878
0.17248083
0.16862865
0.17231969
0.16941416
0.17228416
0.16790238
0.16573272
0.15787187
0.15217516
0.16624764
0.16207882
0.16049522
0.15494089
0.14162237
0.15600906
0.14697198
0.13209499
0.13031994
0.13313877
0.13473280
0.14274561
0.14996275
0.14268786
0.09720898
0.06044840
0.09676398
0.09413042
0.14625473
0.16682984
0.18129164
0.18363235
0.22765988
0.26871729
0.27418971
0.29017237
0.29043404
0.29279647
0.28172266
0.25263970
0.23356584
0.20117983
0.17892549
0.17360484
0.15852377
0.15090950
0.14505896
0.13319685
0.13928455
0.13565641
0.14045792
0.15200922
0.15975602
0.15458094
0.15768354
0.12302714
0.12313214
0.12517658
0.13200920
0.12582400
0.12846127
0.11984319
0.08156164
0.08278980
0.07568917
0.09095361
0.11548868
0.16145977
0.18915662
0.22060094
0.22980958
0.24347223
0.24443606
0.25123376
0.26730699
0.25532908
0.23724897
0.20455875
0.15166855
0.14141591
0.14254728
0.14088437
0.13471210
0.14050556
0.11825944
0.12247043
0.13863339
0.17289044
0.19482606
0.18498479
0.19287639
0.19932345
0.20194304
0.19741079
0.18718911
