0.09813155
0.11430400
0.11427422
0.12440623
0.11257021
0.11057116
0.10455482
0.10655685
0.09805084
0.11509473
0.13521033
0.14817883
0.14397315
0.15793624
0.16726938
0.16558417
0.14510967
0.13939746
0.12446901
0.11538961
0.10709843
0.09747584
0.09614660
0.08929892
0.08349468
0.07176657
0.07268148
0.07276516
0.07135854
0.07523636
0.09737112
0.12525674
0.16270129
0.18266620
0.18915268
0.20541130
0.20505901
0.20214279
0.18225842
0.16932751
0.14843064
0.13534276
0.12343772
0.10224055
0.10305446
0.10118183
0.09742847
0.10674465
0.08511596
0.07450893
0.08102665
0.08174912
0.08425286
0.08218593
0.08113319
0.07218145
0.06934631
0.04431998
0.04016531
0.03813808
0.06579396
0.09886584
0.10686919
0.10083804
0.11073362
0.16637926
0.20035863
0.21743731
0.22135611
0.21858567
0.21562645
0.20880489
0.18665827
0.16878657
0.16612740
0.16548058
0.14363823
0.12603411
0.13092581
0.12720954
0.12585168
0.11761837
0.12123955
0.10675770
0.08634365
0.07526017
0.07604156
0.08811923
0.09810667
0.09260099
0.08638996
0.08343645
0.08859992
0.08229332
0.07276354
0.06788092
0.06553956
0.08036768
0.08689180
0.10191755
0.06472031
0.05032594
0.04806106
0.06898659
0.09150661
0.09360217
0.09376462
0.07480793
0.10613846
0.18084809
0.21917018
0.24714884
0.23403292
0.22679804
0.22195773
0.21109473
0.21503154
0.20291036
0.19683060
0.19382464
0.17939602
0.16734131
0.16575408
0.16671749
0.15776075
0.16436031
0.16037257
0.15159321
0.14436849
0.13137771
0.10706359
0.09074508
0.07846432
0.08757555
0.10003574
0.11121159
0.10063599
0.09119791
0.10748133
0.11313946
0.11592389
0.10647047
0.09946851
0.10073212
0.11673234
0.12040967
0.12177028
0.10967529
0.05252149
0.06138746
0.09817701
0.10920263
0.09508187
0.06218586
0.03650434
0.03184719
0.11081979
0.18973458
0.24452146
0.25645435
0.23830239
0.23275396
0.23164087
0.21720475
0.23795339
0.22627702
0.21376305
0.21397578
0.21681317
0.20296399
0.19468564
0.17969835
0.19441556
0.19167763
0.19343588
0.18483276
0.18592427
0.17640390
0.16583636
0.14203802
0.10638629
0.09706250
0.09611328
0.09812245
0.10293798
0.10281645
0.10102013
0.12941587
0.12340651
0.12891045
0.13521143
0.13378429
0.13740553
0.13888368
0.13850608
0.13985555
0.14704402
0.08785774
0.05622600
0.05993568
0.12759794
0.14985701
0.08439070
0.06919296
0.01388983
0.08573572
0.13116910
0.16620430
0.21982249
0.24606839
0.23472427
0.23390175
0.22513356
0.23593716
0.25898045
0.24866625
0.25405070
0.23251729
0.22789213
0.22640793
0.20517855
0.19849888
0.20635384
0.19518126
0.17845226
0.16624575
0.15232384
0.14724834
0.14560255
0.14143185
0.12902236
0.11798547
0.11126817
0.09698819
0.09081876
0.10179581
0.10161177
0.09419287
0.08882978
0.14607993
0.14384671
0.14133667
0.14800589
0.13892169
0.14783474
0.15226229
0.14638025
0.15492275
0.15650756
0.14556043
0.09594457
0.06524198
0.07782999
0.15359123
0.15892837
0.09817298
0.04531556
0.07074077
0.13862494
0.16596155
0.13959753
0.20221177
0.22963375
0.21206142
0.21912465
0.23617480
0.24045671
0.25028814
0.25970789
0.25518838
0.24788981
0.23205919
0.22872266
0.21931615
0.20027116
0.19082159
0.18675769
0.17198967
0.15310945
0.15152215
0.15125187
0.14735084
0.15925999
0.14695299
0.12895194
0.12268504
0.12001356
0.10266663
0.09482634
0.08715582
0.08112404
0.07216743
0.07046501
0.15046810
0.15360202
0.15617795
0.16316323
0.14659216
0.14148469
0.15206653
0.15496669
0.14972621
0.16313970
0.18691316
0.16280594
0.10627816
0.07332834
0.08549798
0.18955320
0.15368881
0.11492956
0.02339236
0.07326489
0.13848759
0.18179501
0.13386581
0.18881895
0.22503868
0.22396438
0.22012070
0.25393240
0.25163226
0.26857316
0.27089334
0.26363025
0.24824348
0.24040141
0.21916823
0.20061666
0.19362961
0.18153873
0.15709409
0.14133093
0.14154488
0.14774934
0.14255062
0.14106408
0.13897586
0.14834153
0.15370237
0.13976045
0.13618404
0.13253327
0.12480693
0.10958715
0.10761087
0.08745126
0.06800839
0.06186307
0.15826946
0.16864106
0.16378449
0.15732306
0.16084063
0.16250417
0.16057583
0.15023254
0.16442671
0.15841080
0.16615751
0.20297843
0.17661352
0.15130917
0.07431962
0.09604131
0.21871341
0.17275207
0.12651124
0.01441167
0.05138970
0.11681420
0.18194357
0.14117404
0.19895577
0.21639819
0.22338958
0.22336480
0.26065164
0.26377490
0.27164275
0.28076411
0.27526537
0.25883305
0.23494846
0.21275293
0.18533683
0.17162310
0.14388504
0.13312640
0.13784767
0.15514457
0.15240441
0.13071893
0.13922620
0.15002300
0.15225486
0.14708791
0.14573541
0.13982977
0.14770069
0.14670107
0.13649444
0.13114240
0.12233554
0.10327165
0.08769644
0.07386261
0.05592005
0.17489195
0.18588134
0.18140058
0.17504177
0.17693642
0.17016828
0.16924460
0.18553190
0.16510686
0.17690498
0.17938340
0.19421932
0.19853503
0.16246776
0.12902634
0.07220817
0.07172950
0.22070354
0.20771247
0.14434178
0.18029766
0.03779196
0.15205481
0.19490851
0.14438731
0.20132247
0.20864050
0.20638646
0.24680511
0.26218205
0.28443149
0.30363321
0.29223962
0.26797835
0.23575165
0.21620957
0.20046048
0.16769693
0.14286585
0.12680405
0.13495565
0.13775586
0.12794514
0.10042527
0.13173155
0.15756516
0.17108459
0.16909241
0.16166113
0.16646795
0.15685505
0.15410373
0.15046002
0.14928322
0.14955741
0.14297647
0.13190968
0.11766743
0.09996586
0.08004675
0.05687199
0.20257711
0.19902282
0.18960417
0.19079153
0.18752351
0.18085414
0.18354656
0.19280726
0.18405418
0.20166413
0.20301628
0.19939703
0.21647947
0.18707318
0.11277410
0.05747684
0.05880240
0.17193841
0.18273873
0.13285448
0.03281579
0.07534985
0.18514851
0.17417020
0.15731734
0.19546644
0.20130782
0.22089572
0.25565145
0.25151613
0.27177400
0.27860212
0.27196769
0.24674612
0.21696775
0.19831466
0.17789236
0.16079315
0.14209360
0.13466508
0.14064390
0.14126326
0.10404244
0.08401250
0.06350422
0.12255180
0.16050798
0.14747193
0.16371612
0.16893611
0.16780389
0.16104202
0.15447337
0.15582910
0.15981164
0.15692976
0.16278971
0.14120735
0.13613601
0.11669875
0.10092562
0.06685721
0.21833038
0.21921991
0.21726786
0.21161099
0.20562955
0.20079352
0.19192742
0.19027389
0.19406291
0.18253229
0.20801699
0.22137839
0.22161921
0.22350188
0.19267329
0.11042973
0.04917014
0.06158135
0.14147003
0.16526335
0.11488637
0.08456087
0.21749526
0.19049601
0.15011206
0.15642489
0.18835802
0.21000986
0.25590707
0.26820005
0.25965350
0.26647440
0.25852231
0.25586273
0.23529346
0.22899850
0.20167475
0.17879298
0.15688661
0.16073037
0.15655308
0.15469510
0.12812078
0.11293736
0.08812906
0.04506949
0.08461595
0.12531947
0.12994887
0.11012738
0.13345517
0.14657039
0.15508521
0.16158593
0.16358050
0.17095879
0.18195644
0.15886295
0.16437566
0.14345204
0.14486743
0.13224172
0.11598207
0.24084111
0.24015733
0.22550210
0.20932910
0.19811090
0.20934810
0.20858484
0.19975091
0.20495902
0.21561468
0.22601313
0.23396962
0.22909375
0.22262654
0.19924916
0.07569152
0.06621456
0.04205535
0.10403042
0.16696169
0.10164737
0.07943662
0.23387341
0.14439625
0.14202685
0.15358416
0.20908401
0.23690215
0.23045707
0.22795239
0.22097042
0.22390690
0.23245691
0.19965659
0.19005040
0.21517234
0.21188202
0.18524977
0.15579424
0.15123414
0.16788702
0.16538713
0.12374264
0.10845565
0.05304464
0.01131139
0.02269566
0.11617044
0.12409099
0.11310308
0.09313480
0.12124962
0.15292276
0.16330226
0.17318896
0.18513452
0.18635139
0.18138426
0.16874044
0.16456518
0.15200172
0.14655371
0.12913334
0.21615634
0.26281016
0.26311686
0.23801129
0.22464632
0.21306427
0.22333025
0.21275083
0.20126439
0.21383688
0.21413747
0.22743715
0.23691322
0.24530020
0.22545462
0.20543733
0.10279684
0.08879278
0.07144209
0.07681402
0.15679198
0.10290355
0.08416416
0.21165256
0.12691972
0.14832791
0.16511639
0.19933318
0.17766432
0.17099432
0.16763249
0.18644377
0.18231447
0.12996648
0.10433111
0.06909289
0.10069517
0.19220527
0.16007641
0.16384389
0.18275239
0.19094886
0.17422095
0.13503745
0.09752720
0.02258036
-0.00885429
-0.00093597
0.10996832
0.14010569
0.14432308
0.11944100
0.09538214
0.15309785
0.17384231
0.19300753
0.21671211
0.21798804
0.20726265
0.19650393
0.18545925
0.17555782
0.17184714
0.14708752
0.11796391
0.21871251
0.26849405
0.26995034
0.25009959
0.22930151
0.21120201
0.23184664
0.21358437
0.21953584
0.21977442
0.23133468
0.24773634
0.24588891
0.25470506
0.23452430
0.21058391
0.13457316
0.09169497
0.11151632
0.07804043
0.10572517
0.11401814
0.14475254
0.08751474
0.15516584
0.14250790
0.16314674
0.14340613
0.13034924
0.13539204
0.14148816
0.14042143
0.13721694
0.11776343
0.11494412
0.12714735
0.06771357
0.15398924
0.16348896
0.17631062
0.20851712
0.20630943
0.17328475
0.14737714
0.08799556
0.07863516
0.03552820
0.00659173
0.09384994
0.15551334
0.16288204
0.14925991
0.10019247
0.10685658
0.18186424
0.21089508
0.24043545
0.21748292
0.21392824
0.22850771
0.21105243
0.19393127
0.19250608
0.16777734
0.12611314
0.09010864
0.17376998
0.23325015
0.27015319
0.26492516
0.24971636
0.23147807
0.22939573
0.23909804
0.24104852
0.23142015
0.23979863
0.25411352
0.26052292
0.25477178
0.26166435
0.25578102
0.22542178
0.17772864
0.10713829
0.13014810
0.11825683
0.07243108
0.09187391
0.09668725
0.12473017
0.12454475
0.11013856
0.11794237
0.12695290
0.12881516
0.12467062
0.12773474
0.15440746
0.16158007
0.12557747
0.03312328
0.13150876
0.11755822
0.13948781
0.17207694
0.18941046
0.22410961
0.22815842
0.17399229
0.14947189
0.09387122
0.08280917
0.05978519
0.00957610
0.09153413
0.16077878
0.21344157
0.20263231
0.13621445
0.09276533
0.15267662
0.20638602
0.22872551
0.21346145
0.22082568
0.24206899
0.22665276
0.21894519
0.19336751
0.18302629
0.15149829
0.10114696
0.17254303
0.25587547
0.27470784
0.27229835
0.25525481
0.24368691
0.22808839
0.22481346
0.24141873
0.23998819
0.24662442
0.26384804
0.25873841
0.26468448
0.27692632
0.26057803
0.25971441
0.25737099
0.20516816
0.18527563
0.15454000
0.10316352
0.07751057
0.08721041
0.09031750
0.10063708
0.12217051
0.12842093
0.13428573
0.15527749
0.16348403
0.17251194
0.17633394
0.15805479
0.12293863
0.01834851
0.06125718
0.17751666
0.18227000
0.20948016
0.21875155
0.24877991
0.23956620
0.21025050
0.16657951
0.09827050
0.08980738
0.17004722
0.01083067
0.10955774
0.16122461
0.23179239
0.25989963
0.17798137
0.09433373
0.11338357
0.18919446
0.21061712
0.19972893
0.22347398
0.23918819
0.25775429
0.24404555
0.22139319
0.18937317
0.15927103
0.10882200
0.19862818
0.25501979
0.27116204
0.26646783
0.25642279
0.24153474
0.23349437
0.22667207
0.25221221
0.23263251
0.25083243
0.26395564
0.27597965
0.27431999
0.27597024
0.27743324
0.28299193
0.22824623
0.19171027
0.13443995
0.14232674
0.15446987
0.14152202
0.12680371
0.15029280
0.16599004
0.17170081
0.18119895
0.19704414
0.21689531
0.22621579
0.23634856
0.24309420
0.20056114
0.15696551
0.08389544
0.01581584
0.11416785
0.19674295
0.24127923
0.25826135
0.27173937
0.25529881
0.22764688
0.17869608
0.09816894
0.08010744
0.19412962
0.01241806
0.12056794
0.15833211
0.25027474
0.27171535
0.20870468
0.11058959
0.09560134
0.15892300
0.20169762
0.18999866
0.21674044
0.24918021
0.26858272
0.26250029
0.23807416
0.21394027
0.16534640
0.11465985
0.19329883
0.25491684
0.26539005
0.27185382
0.26217889
0.25013930
0.24989904
0.23789609
0.24816827
0.26348274
0.27185763
0.26657624
0.26405376
0.27597084
0.26960088
0.27056388
0.32774626
0.34427250
0.21603628
0.22093206
0.17286837
0.20476526
0.21830898
0.22930977
0.25853984
0.28873039
0.29531290
0.26727618
0.28788771
0.28780904
0.30101904
0.30033657
0.31667715
0.27732987
0.21109586
0.18740569
0.10670670
0.05115574
0.19273227
0.25473217
0.25498742
0.29348499
0.26577816
0.21734258
0.19155108
0.09955549
0.06099367
0.17257108
0.01361536
0.12173192
0.14194398
0.22521903
0.29620502
0.23853071
0.12485962
0.08996012
0.12666622
0.17854083
0.20345657
0.21906436
0.24575016
0.24873084
0.26512278
0.24789631
0.21730613
0.17199386
0.12418440
0.14981323
0.21820674
0.24772657
0.25366343
0.26977720
0.26992274
0.26429824
0.25142071
0.28275983
0.27131300
0.27529830
0.28140128
0.28037033
0.27937811
0.26495047
0.26984797
0.28039350
0.32130870
0.35338716
0.31929052
0.28444761
0.26658756
0.28164301
0.28386048
0.29050659
0.28637220
0.29324625
0.29382148
0.30507849
0.30124181
0.29337682
0.31141787
0.36235416
0.60164853
0.36966281
0.25977853
0.20197718
0.13909265
0.07253016
0.14711315
0.20936300
0.22886255
0.23360623
0.20717700
0.21307655
0.20757027
0.10640437
0.06952020
0.25061166
0.04255066
0.11028312
0.14495948
0.17518286
0.27469312
0.22379766
0.13624016
0.08696732
0.12516145
0.16728986
0.20916289
0.21386197
0.25412126
0.27181425
0.27442054
0.24461641
0.21420208
0.17575501
0.12039333
0.14321556
0.21399395
0.24673103
0.25584559
0.26003467
0.27584556
0.27192126
0.25933617
0.28809392
0.27339159
0.26521680
0.28208940
0.29192562
0.27247921
0.26699820
0.27318366
0.27451131
0.35140785
0.39077313
0.36911644
0.29571512
0.27120910
0.29750567
0.31649197
0.28810610
0.29027755
0.29103315
0.28739076
0.30404525
0.29498532
0.28843384
0.30870525
0.35190935
0.47932328
0.34650917
0.24736154
0.20758624
0.14649644
0.09013900
0.19681815
0.25000641
0.23737381
0.23284874
0.20872818
0.24609865
0.19016204
0.15711636
0.07635697
0.22586589
0.05075637
0.10786330
0.15806266
0.22357748
0.29840752
0.24497723
0.13457116
0.08023118
0.13327108
0.17461755
0.21005996
0.21246343
0.24125566
0.26728413
0.27417796
0.23961216
0.20695779
0.16107186
0.12225931
0.13203668
0.19407746
0.24297975
0.26510619
0.27780629
0.28079740
0.27182691
0.27163082
0.28436383
0.28075014
0.27095368
0.26447631
0.28241318
0.27377744
0.26190311
0.27667713
0.29656678
0.33301002
0.34951828
0.22740404
0.23851637
0.20363504
0.24456512
0.26015031
0.27979728
0.27482929
0.27210569
0.25682562
0.25561127
0.26275196
0.31107013
0.30370150
0.30725081
0.31766764
0.28145008
0.23073747
0.17020330
0.06837303
0.14131245
0.25284238
0.24733619
0.26544404
0.25634705
0.24728942
0.24132392
0.20158424
0.16339335
0.06851307
0.12746821
0.01380192
0.12240951
0.16521621
0.21928952
0.30189486
0.25943521
0.15607843
0.08729131
0.13924962
0.18102154
0.20003578
0.21564350
0.22584825
0.25403606
0.26327342
0.23219126
0.20526208
0.16041279
0.12573316
0.20405578
0.24359966
0.27240377
0.27759396
0.29293767
0.27334110
0.27677187
0.29183426
0.28123885
0.27604752
0.28243797
0.28820533
0.26556976
0.26887381
0.27403513
0.29966510
0.34539176
0.26398055
0.19823935
0.19478255
0.17419832
0.18993914
0.19522152
0.19118938
0.17543325
0.20019923
0.20043084
0.21199994
0.21052851
0.22479015
0.22935007
0.22974790
0.25904601
0.22819386
0.19196945
0.05650538
0.06371348
0.18702756
0.20390906
0.20390839
0.21983350
0.22057598
0.25558545
0.24121396
0.20659141
0.17041060
0.08580963
0.09018381
0.02704452
0.13799304
0.17155190
0.21082620
0.28631594
0.24026369
0.14717943
0.09858867
0.15863668
0.19310503
0.24747988
0.22732696
0.22403630
0.23315164
0.24949387
0.23813387
0.18474203
0.17373872
0.14622491
0.21471838
0.25827729
0.28392395
0.27610986
0.28153658
0.27463013
0.26669780
0.29413605
0.27578013
0.27104017
0.27136470
0.28394489
0.26598735
0.27228600
0.29907267
0.32580712
0.33943103
0.29512170
0.22355986
0.17469191
0.19760901
0.18395122
0.13470584
0.13334812
0.11378396
0.13018131
0.16006703
0.19307010
0.19024792
0.19857105
0.18776103
0.19620495
0.23089071
0.22658941
0.18165380
0.03483961
0.06455966
0.21226927
0.14203863
0.19872335
0.19732002
0.21062210
0.24098953
0.24463998
0.20730217
0.17469498
0.10439370
0.01592443
0.02171406
0.11185248
0.15165606
0.20179643
0.23835481
0.20012579
0.12824379
0.11170155
0.16133206
0.20124153
0.25072947
0.24921633
0.23643049
0.24018750
0.24144367
0.23205490
0.18496920
0.18414781
0.14049386
0.24002359
0.26045852
0.27109919
0.27881638
0.28066559
0.26863650
0.26280561
0.28499912
0.26222628
0.25726382
0.26406841
0.28331733
0.26865217
0.26845021
0.30375036
0.32227542
0.35159307
0.37646529
0.25212180
0.19231051
0.17292171
0.13018258
0.12257840
0.10774047
0.14767120
0.17164346
0.14835838
0.16151239
0.17472335
0.19522396
0.20527668
0.19848537
0.18820048
0.20010177
0.19683145
0.14434576
0.10786395
0.13896991
0.14253437
0.23013724
0.20663351
0.20215926
0.22316713
0.23990818
0.20348607
0.17630234
0.12619368
0.03839566
0.01196410
0.08140327
0.12643948
0.20524172
0.20908598
0.17677908
0.12275998
0.11967004
0.16075858
0.19890656
0.22093522
0.23144213
0.24312638
0.23093608
0.21996682
0.19526933
0.17838942
0.16128178
0.12701599
0.23144134
0.26481520
0.27609088
0.28244652
0.27811414
0.26675453
0.26620391
0.27350751
0.27017390
0.25954748
0.26843598
0.27310702
0.26760742
0.27180283
0.28075123
0.27778816
0.32389717
0.26776754
0.18957542
0.14855851
0.14491172
0.09325089
0.13596296
0.12808191
0.16180125
0.16200690
0.17070068
0.19882475
0.20547203
0.18959978
0.20071116
0.20377117
0.22742055
0.21718254
0.19838586
0.18309208
0.16242949
0.11718114
0.22505683
0.25243146
0.22407004
0.20863614
0.20336181
0.22295982
0.21386017
0.16905073
0.14306426
0.06651356
-0.00541983
0.03334373
0.11591929
0.18533609
0.18084872
0.14832421
0.12215714
0.12545134
0.16188076
0.17671423
0.21130411
0.21953847
0.22924665
0.20205307
0.19451572
0.19849279
0.18320638
0.14685113
0.11688538
0.21319488
0.26371654
0.27635420
0.28118326
0.27781359
0.26784617
0.25837226
0.26693059
0.27742259
0.26781008
0.26849541
0.29007344
0.28350139
0.28205056
0.28452898
0.28390140
0.31537687
0.24543294
0.13198254
0.09932567
0.10892246
0.11602002
0.13594277
0.11527326
0.08704798
0.14238215
0.14767673
0.17575169
0.26819676
0.27144942
0.25712370
0.24898291
0.26025180
0.27950374
0.28654970
0.26508023
0.24617610
0.25701002
0.25968234
0.25205375
0.23503835
0.20204886
0.19185680
0.20443713
0.20207285
0.17144221
0.13155181
0.08668415
0.00875582
0.00325261
0.12330476
0.17229315
0.15829858
0.12033087
0.14178595
0.15109855
0.18014302
0.19311241
0.20720365
0.21597672
0.20900429
0.19116312
0.18929890
0.19039163
0.16309797
0.13482254
0.26717904
0.27935376
0.28275081
0.27291847
0.26167106
0.25451716
0.25953375
0.28321996
0.26882328
0.26922411
0.33761079
0.33849384
0.28481470
0.28774222
0.27714354
0.28854323
0.22019664
0.11943400
0.07548156
0.07718842
0.14863785
0.11829601
0.09269701
0.12310729
0.14414376
0.15837524
0.15356054
0.21678869
0.29512261
0.31366319
0.27391963
0.27603498
0.31934908
0.33178149
0.30749361
0.28892538
0.25944665
0.25567407
0.25180398
0.23486218
0.20156183
0.17716368
0.18870436
0.20750309
0.18243255
0.14537473
0.09933605
0.05599623
0.09799492
0.15911380
0.16740337
0.14594674
0.15987784
0.18039291
0.18638641
0.20127951
0.20353672
0.20041912
0.21797351
0.19354712
0.19235160
0.19383724
0.17905383
0.14038329
0.09783681
0.23665171
0.26291377
0.27734454
0.27139761
0.28133704
0.25157875
0.24331594
0.25882459
0.27234433
0.26645553
0.27253242
0.31553828
0.29469256
0.28342418
0.27268616
0.26544134
0.22709426
0.09375954
0.05870660
0.06958737
0.17664118
0.11963913
0.07753735
0.20483748
0.21524112
0.17869975
0.15570946
0.20078888
0.26842504
0.29891282
0.30123146
0.31768878
0.31515533
0.33086089
0.32376557
0.30121189
0.26667263
0.26152600
0.26083237
0.22972224
0.20510416
0.18148652
0.18169681
0.18106397
0.18111841
0.17988355
0.14073530
0.13968653
0.16233083
0.20497521
0.19224289
0.20996067
0.21434080
0.21316773
0.21993830
0.21288963
0.21184086
0.21845390
0.21636588
0.19105522
0.18501411
0.16434551
0.13868101
0.10430109
0.25620442
0.27412147
0.27257819
0.28288455
0.26453692
0.24930871
0.27044748
0.26143165
0.25431348
0.26039426
0.25130115
0.25626931
0.26610636
0.26428346
0.25767169
0.22585376
0.09330515
0.07596391
0.06987403
0.21731247
0.15508028
0.07654606
0.07169976
0.11639900
0.19367593
0.18225064
0.18097412
0.22061986
0.25467783
0.28491261
0.30455394
0.32742985
0.35552149
0.36383082
0.33250609
0.30164269
0.25739885
0.25630421
0.26026080
0.22754031
0.19644808
0.18020191
0.17723900
0.18724860
0.19867493
0.18186647
0.16487771
0.20472343
0.20679558
0.22853381
0.22535779
0.22770199
0.21726695
0.21818147
0.21796335
0.21126803
0.22212480
0.21577628
0.18817276
0.16354936
0.13851421
0.10355542
0.25508726
0.30037024
0.29672087
0.27845089
0.27584835
0.24921080
0.24530835
0.24435730
0.24491703
0.25389347
0.25384810
0.26041173
0.26839876
0.24592860
0.25565565
0.26047315
0.14061167
0.07306938
0.08284951
0.25682505
0.21871497
0.08893668
0.04956911
0.06622002
0.23280196
0.22574703
0.16851411
0.23155109
0.25950190
0.27935674
0.29668436
0.31906652
0.35333653
0.39218900
0.35244832
0.31101079
0.28591476
0.25560416
0.24611108
0.24238351
0.23873363
0.21466043
0.19512571
0.20257051
0.21288139
0.19728487
0.18462804
0.18394701
0.20211947
0.21527181
0.21883502
0.23445925
0.22857823
0.22909196
0.22283274
0.21532878
0.19962786
0.18184792
0.15954889
0.12962009
0.10684518
0.30738089
0.32188866
0.28025615
0.27587490
0.24675663
0.23783543
0.24321594
0.23980511
0.25977947
0.23593249
0.25138129
0.25561139
0.24680091
0.25580882
0.23051921
0.17340257
0.08065624
0.09830218
0.29218813
0.25959108
0.13190953
0.07217732
0.06005918
0.20005391
0.25925311
0.16296317
0.23128877
0.27893389
0.28179182
0.29260860
0.30864167
0.31214509
0.37020542
0.37386116
0.32064918
0.30112475
0.27590003
0.25917950
0.24480082
0.23123175
0.22912917
0.22580542
0.20922704
0.20698774
0.21773500
0.21001884
0.20966691
0.24057179
0.24356444
0.23830298
0.24368698
0.22668063
0.21370720
0.20976807
0.18480466
0.17244231
0.14338958
0.12781371
0.12177370
0.26437957
0.29370930
0.26931065
0.26336483
0.25000940
0.23201699
0.22544481
0.23789472
0.24558314
0.24108864
0.23538691
0.23133674
0.24086925
0.24118756
0.22541268
0.17481238
0.09914036
0.11880066
0.29131960
0.23563638
0.15970142
0.03025742
0.07593048
0.18613304
0.26855939
0.18118003
0.27080543
0.29811554
0.28618389
0.29027293
0.30914177
0.28998789
0.34899909
0.37178691
0.32107666
0.32029082
0.30040145
0.27940951
0.25110306
0.22547780
0.23748857
0.25188234
0.22352214
0.22780087
0.23921095
0.23898130
0.24559589
0.27464945
0.25477970
0.22693676
0.20751719
0.19207927
0.18139340
0.16744781
0.15681217
0.14588346
0.13568296
0.14279697
0.24581495
0.25192202
0.25586746
0.25224166
0.21596210
0.21462328
0.21102102
0.20918208
0.21426486
0.20457647
0.20151362
0.23422324
0.25156342
0.21146314
0.13989565
0.09759880
0.10232538
0.24408842
0.22574516
0.15047679
0.05234109
0.13650888
0.22097468
0.26820940
0.19819545
0.28392628
0.31181614
0.28722320
0.28042275
0.30250926
0.29989838
0.34657760
0.35207599
0.31945035
0.32519174
0.29104517
0.28255025
0.26376317
0.24919529
0.24050553
0.24889294
0.24250685
0.24246777
0.24171037
0.24099770
0.24413282
0.23939756
0.22887270
0.20198031
0.19287238
0.17602502
0.16778992
0.15858889
0.16449288
0.16388095
0.15257726
0.22317037
0.23161180
0.23732851
0.21204995
0.19952022
0.19862549
0.18922581
0.20566805
0.20885644
0.21668420
0.22428091
0.23989175
0.20532097
0.15953897
0.09164497
0.07910905
0.20097585
0.21385033
0.14507160
0.09597757
0.03334697
0.16453716
0.21372250
0.21885178
0.29802034
0.32679123
0.30644596
0.30547255
0.30338923
0.29926969
0.31938171
0.31333311
0.28886591
0.28237540
0.28256049
0.26526360
0.25489073
0.25133996
0.25341849
0.24774552
0.26666442
0.25890610
0.24653722
0.22964094
0.21724224
0.19856392
0.19074310
0.17087880
0.16452782
0.16031353
0.16414231
0.16869643
0.15938469
0.14243090
0.21020521
0.22005789
0.22015692
0.20309464
0.19646119
0.19523812
0.19449621
0.21092199
0.21140157
0.21536959
0.23323156
0.21259250
0.13816159
0.08688622
0.07526747
0.14954755
0.20684187
0.17095748
0.09384171
0.04701690
0.07839044
0.17530851
0.25986457
0.29274059
0.33964192
0.34083018
0.32063665
0.30210142
0.29948162
0.33470316
0.32764956
0.30382181
0.28471627
0.28014509
0.25487626
0.23332292
0.22711757
0.22363382
0.21967362
0.21818651
0.21270824
0.20526713
0.19531810
0.16768723
0.15621494
0.14952403
0.16593908
0.16611247
0.16825295
0.15250164
0.14631491
0.13448013
0.20286812
0.19635574
0.19952172
0.18711639
0.18108513
0.19843122
0.19993220
0.20074378
0.19976756
0.20616767
0.20104709
0.17971940
0.10284115
0.06362976
0.12222634
0.16410729
0.17337530
0.15531968
0.10140887
0.09908412
0.15197746
0.23117475
0.29554407
0.32493855
0.33102392
0.33117404
0.30997804
0.28983759
0.28118447
0.30608232
0.28037969
0.25233194
0.23715483
0.21165195
0.19700827
0.18051640
0.18085745
0.17450691
0.18293751
0.17834364
0.17743831
0.18300211
0.16705650
0.17344486
0.16491334
0.15859917
0.15381605
0.13597188
0.17504023
0.16589463
0.16584735
0.15996032
0.16650575
0.17093161
0.17815307
0.17251824
0.17052718
0.17258161
0.11955682
0.06577150
0.07493838
0.11279229
0.12912085
0.15848572
0.16244206
0.16004485
0.15752331
0.23839105
0.26482187
0.30621493
0.30461849
0.31017023
0.32229669
0.29733483
0.28902419
0.25777571
0.23667301
0.20737375
0.19175400
0.17759004
0.17522640
0.17321964
0.17426853
0.16850543
0.16627781
0.16063814
0.15591506
0.14519703
0.14010331
0.14271240
0.13711532
0.15179134
0.14574469
0.13119767
0.12754054
0.12961015
0.13234837
0.14267245
0.14779680
0.14098116
0.09396179
0.06160518
0.09382241
0.09438930
0.14287792
0.16356444
0.18082716
0.18522000
0.22686178
0.26648902
0.26691250
0.28482182
0.28772716
0.28818329
0.27828978
0.24807784
0.22833054
0.20143852
0.17688656
0.17290601
0.15862847
0.14849929
0.14330199
0.13320376
0.13238192
0.12391135
0.12606950
0.13265600
0.12364582
0.12156702
0.12447409
0.13070253
0.12732146
0.12998722
0.11878615
0.08329090
0.08288211
0.07618836
0.09265963
0.11554119
0.16210228
0.18892498
0.21891756
0.22567127
0.24035595
0.23865193
0.24596323
0.26324915
0.24981380
0.23470498
0.20281709
0.12381215
0.13896721
0.16945073
0.19085044
0.18490213
0.19052753
0.19579581
0.19875696
0.19335271
0.17942172
