0.14449005
0.14841345
0.14721793
0.13575350
0.13189750
0.12196191
0.12185134
0.15560072
0.17964626
0.18416397
0.18128769
0.19144694
0.19389087
0.17662631
0.15892654
0.14794650
0.13155815
0.10712348
0.10789994
0.09936191
0.08624016
0.07618472
0.07406986
0.07742623
0.07723974
0.07749993
0.07267032
0.06795563
0.10015009
0.12664923
0.16764924
0.20135831
0.23076685
0.23554885
0.23994745
0.23036738
0.21863987
0.19603664
0.18012469
0.15608488
0.13759483
0.11900151
0.10493156
0.10481126
0.10057350
0.09246119
0.08556380
0.07280743
0.06791696
0.06942830
0.07517993
0.07911512
0.07601650
0.07271628
0.07141368
0.06505701
0.05915813
0.04472214
0.06286610
0.08918274
0.10373289
0.10862228
0.11816433
0.15794203
0.20636268
0.24134710
0.26598163
0.26324161
0.25891764
0.24175526
0.22849717
0.20908678
0.18712718
0.17577115
0.15587148
0.12681718
0.11667707
0.11304575
0.10518951
0.10357458
0.08784385
0.07875582
0.07146244
0.06843829
0.07380775
0.07790812
0.08176811
0.08436129
0.08077527
0.08115614
0.08218558
0.07406566
0.06546573
0.11899948
0.11918746
0.10893376
0.10022334
0.09895850
0.11329454
0.11842908
0.11710258
0.09428275
0.05749440
0.06428151
0.08378500
0.09502710
0.09999067
0.09008477
0.07554661
0.10986604
0.16769135
0.21418930
0.25262724
0.28826982
0.29168114
0.28131200
0.26880204
0.25523959
0.24418642
0.22851280
0.21328643
0.19668128
0.17230368
0.16049345
0.15348687
0.14349970
0.13426273
0.12635592
0.12565256
0.11549568
0.10246925
0.08686676
0.06943080
0.06311688
0.06856033
0.07318746
0.08367327
0.09391396
0.09082999
0.09061255
0.08299044
0.07867625
0.14198245
0.14725368
0.14738541
0.15090494
0.15087555
0.15966349
0.16044990
0.15576014
0.13913378
0.07017506
0.05852889
0.09329093
0.13271488
0.10022346
0.05810696
0.02673790
0.06559671
0.10136219
0.16270926
0.21830767
0.25873148
0.29660458
0.30474327
0.29771219
0.29335026
0.27584157
0.27600264
0.25944479
0.24635228
0.23404249
0.21522640
0.20306179
0.19567415
0.18313228
0.17753305
0.17650252
0.16874870
0.15651145
0.15111271
0.13965123
0.12452709
0.10301903
0.08389853
0.08014012
0.07999777
0.08084588
0.08721310
0.08642988
0.09018991
0.09047394
0.08225099
0.16312539
0.16421239
0.17838076
0.17862302
0.18727956
0.18599141
0.19207266
0.18461156
0.17560034
0.12625131
0.06851931
0.06239307
0.11622530
0.14810997
0.09137515
0.03008392
0.05214831
0.11075176
0.13386745
0.15549983
0.20682236
0.23803344
0.27448069
0.30132920
0.30213155
0.30004457
0.29986840
0.30172830
0.28671014
0.27601625
0.25971044
0.25083374
0.23232435
0.22258243
0.20961392
0.20617334
0.20312908
0.19415808
0.16963348
0.14521364
0.13135866
0.13663499
0.12419299
0.10686490
0.10014875
0.09721228
0.08171818
0.08046068
0.07922139
0.07555749
0.07194212
0.06394960
0.06679733
0.17286668
0.18366271
0.18271342
0.19014541
0.18727579
0.18523667
0.20288111
0.20413888
0.20248797
0.20356841
0.18935944
0.13048029
0.08079432
0.05923547
0.13026854
0.14420657
0.08771691
0.04733985
0.09569796
0.12932700
0.15156515
0.16806710
0.19086385
0.22375583
0.24432071
0.27283637
0.29101091
0.30592264
0.30523594
0.30177350
0.30020822
0.29143561
0.28126620
0.27371705
0.25834888
0.24605187
0.23087461
0.20721319
0.17682184
0.15256586
0.13586929
0.12934146
0.13155484
0.12999161
0.12577437
0.12375461
0.11796607
0.11527787
0.11436836
0.11136473
0.10291292
0.09066297
0.08127767
0.06742340
0.05463212
0.04818861
0.05026136
0.17744665
0.18832527
0.19474560
0.19830839
0.20805881
0.19827836
0.20384174
0.20929390
0.20545321
0.20888814
0.22231755
0.21869073
0.14624589
0.09868406
0.06024212
0.16437854
0.14155960
0.08384965
0.04033436
0.02652410
0.04654892
0.13981597
0.17599082
0.18129750
0.21876774
0.24172268
0.26615482
0.28713491
0.31762953
0.31478034
0.32205627
0.31076488
0.30910276
0.30061308
0.29213632
0.26820433
0.25047641
0.22122509
0.17479956
0.14345118
0.13018706
0.12763724
0.13134545
0.13739752
0.14468504
0.14602348
0.14727736
0.15303996
0.13928237
0.13018295
0.12849991
0.12253897
0.11428067
0.10638668
0.09957164
0.09820118
0.08334095
0.06151615
0.04462601
0.19461045
0.20507988
0.21080134
0.21003003
0.21019816
0.21402128
0.21834979
0.21667785
0.21632100
0.22101374
0.21953091
0.23859735
0.22929163
0.15871026
0.09038079
0.05356171
0.16895905
0.14886829
0.06780124
0.02392421
0.02513245
0.03695354
0.14556381
0.19504000
0.19620579
0.23255528
0.25439731
0.26544988
0.29316419
0.31952659
0.32331530
0.32772017
0.32873348
0.32741889
0.31603901
0.29951149
0.26148558
0.21275853
0.17828232
0.14444062
0.13537223
0.13706198
0.14195476
0.14338308
0.14312510
0.16330210
0.17017845
0.16584837
0.15218963
0.14675544
0.15415394
0.14745420
0.13954169
0.13384970
0.12129607
0.12037615
0.11990792
0.10430125
0.08792205
0.07160112
0.04715248
0.22614341
0.22984806
0.22392778
0.22623450
0.22916320
0.22461874
0.23312681
0.23272918
0.23695172
0.24882204
0.25133412
0.25093587
0.22684251
0.14802094
0.08105609
0.04677568
0.14483662
0.15288909
0.08697077
0.04186595
0.12126590
0.04478463
0.16939332
0.19510528
0.20464649
0.23206786
0.24369210
0.27409967
0.30666755
0.31933711
0.33918672
0.34367313
0.33976399
0.33074974
0.30917821
0.28444764
0.23832392
0.18258364
0.15831135
0.14707370
0.15043304
0.14804622
0.13814830
0.12453441
0.14997065
0.19121840
0.21863640
0.18396596
0.16181344
0.15373695
0.16074647
0.16147306
0.15615375
0.14977378
0.14806267
0.14336537
0.13440697
0.13340030
0.12193082
0.10653112
0.08766032
0.24113357
0.25068880
0.25075167
0.24700783
0.24424132
0.24540262
0.23956011
0.24686030
0.24343376
0.25417869
0.27341853
0.26754848
0.26776044
0.24070473
0.15069724
0.06331689
0.05718870
0.11168062
0.14841072
0.09294866
0.06317996
0.04927857
0.07759096
0.20252418
0.19064494
0.21706172
0.23133727
0.26181612
0.29369223
0.31094706
0.31217019
0.32266895
0.32768530
0.32246146
0.31642467
0.29390443
0.25821650
0.22135902
0.18236683
0.16837964
0.16069437
0.16737334
0.16645600
0.13418937
0.11862866
0.11361743
0.16077382
0.23208015
0.20716323
0.16390982
0.13134641
0.12953079
0.13203963
0.14410941
0.15993037
0.16512205
0.16524878
0.16522415
0.15232821
0.13736248
0.12709265
0.11557078
0.10939224
0.27099682
0.27626658
0.26998073
0.25929275
0.26136057
0.26211303
0.25617639
0.26110097
0.25656303
0.26831258
0.28931141
0.28468461
0.27161904
0.23630867
0.12979661
0.06373736
0.04775540
0.09468958
0.14718901
0.11087199
0.11007372
0.19435325
0.19192159
0.20853442
0.18200040
0.20525520
0.24520154
0.27869850
0.29979364
0.30283259
0.30428897
0.30770202
0.30645441
0.30131927
0.29643375
0.28249299
0.25543105
0.21157343
0.18524020
0.18648787
0.18253889
0.18461575
0.16502663
0.15435830
0.13327021
0.09213924
0.11302973
0.16895996
0.17851692
0.16672421
0.15115360
0.11585977
0.11067855
0.12597321
0.15374770
0.17959717
0.18725433
0.19368741
0.18296455
0.16114858
0.14071314
0.13180792
0.11451208
0.08819073
0.25001219
0.30357922
0.30544793
0.28715744
0.26894708
0.26592556
0.27210854
0.27003970
0.27351237
0.27978511
0.29009645
0.31202789
0.29388872
0.27160203
0.23564048
0.11750585
0.07233214
0.05006612
0.08563705
0.15064158
0.10882398
0.10718112
0.17885911
0.18685715
0.18228923
0.17168072
0.21664079
0.25769710
0.25597557
0.25003694
0.25129022
0.25357582
0.25187816
0.20824279
0.16359896
0.19750908
0.26163711
0.25356676
0.20998074
0.18624316
0.18773500
0.20677569
0.19957758
0.16596912
0.13901059
0.09954679
0.03713635
0.01492101
0.08191802
0.16981826
0.19161737
0.17641648
0.16910954
0.11734920
0.11911279
0.16645483
0.20167186
0.22028501
0.22550681
0.20530519
0.18924499
0.15817751
0.15370084
0.13611724
0.10287974
0.07180753
0.27150786
0.32044493
0.32113794
0.29356859
0.28181835
0.28161835
0.28712108
0.27682360
0.28521803
0.28660632
0.30367038
0.32314727
0.31389121
0.28366275
0.24343249
0.14561739
0.08800184
0.08315738
0.08970947
0.13272188
0.13729588
0.13466896
0.12866401
0.18276718
0.17390517
0.18064714
0.21617003
0.19710883
0.18886778
0.18665802
0.19845516
0.19470114
0.15845520
0.14796299
0.15537086
0.10803405
0.19008386
0.20435659
0.19244373
0.19999753
0.22364545
0.23791443
0.20113192
0.16800574
0.11884878
0.04554944
-0.00370700
0.06760800
0.10766878
0.16036254
0.22366952
0.20927746
0.19677242
0.15993392
0.09863569
0.16197967
0.22174144
0.24009247
0.22673636
0.23192736
0.22707448
0.19611422
0.18245754
0.16824143
0.12311484
0.08468941
0.27862212
0.32974758
0.32083339
0.30302616
0.28905709
0.28850109
0.29362606
0.29531409
0.29895047
0.31047328
0.32800986
0.33202162
0.32087169
0.30545785
0.25270919
0.16181737
0.09864337
0.09993958
0.11551883
0.10355061
0.14089976
0.13914700
0.18776855
0.16696200
0.16832246
0.16766515
0.16149465
0.15835947
0.16306609
0.16052793
0.16683557
0.18066711
0.15441570
0.12433368
0.16222886
0.19134722
0.13659567
0.17170109
0.19098925
0.22347775
0.25457790
0.25841956
0.21715046
0.17226004
0.09865705
0.03024654
0.00454095
0.10302914
0.14411580
0.15069649
0.22778567
0.24790407
0.24216526
0.19593095
0.11827280
0.14108135
0.22493016
0.25020533
0.24376475
0.23315947
0.23854892
0.20726293
0.20131541
0.16133348
0.14329797
0.09669312
0.04741801
0.23380119
0.29863021
0.32931167
0.32161857
0.30646553
0.29071456
0.29666768
0.30017976
0.30170257
0.31402514
0.32758955
0.34326113
0.34404612
0.34100708
0.32277681
0.27756765
0.22161106
0.13455710
0.13012324
0.14116350
0.10458792
0.10384648
0.11288181
0.12520985
0.13111026
0.12983708
0.14299526
0.15434786
0.15353650
0.15434420
0.16924666
0.20164045
0.19782482
0.15863249
0.03841806
0.07791535
0.23278376
0.16045611
0.18670377
0.21115215
0.24096497
0.28422123
0.28233094
0.22899007
0.17056958
0.10706671
0.04727785
0.00650120
0.13306975
0.19066735
0.17131858
0.24276650
0.29547587
0.28416696
0.22527952
0.14983491
0.11007918
0.21836791
0.24638747
0.23420991
0.23750748
0.24321664
0.23714310
0.21411425
0.17696731
0.14486072
0.10894487
0.04980109
0.13774523
0.23977673
0.31599304
0.33189020
0.32653158
0.30876207
0.30028069
0.28916266
0.29975602
0.30432762
0.32022315
0.32723826
0.34123277
0.34758116
0.34570695
0.33089976
0.28505473
0.24365367
0.18835157
0.18163050
0.15842380
0.14964675
0.11629934
0.10359435
0.11668391
0.13823513
0.16226750
0.17345393
0.18323505
0.21299736
0.22825490
0.24721921
0.25051826
0.20645746
0.16068099
0.05264208
0.03894953
0.20278207
0.20490292
0.22588736
0.23805310
0.25937838
0.26748357
0.29800844
0.26362808
0.18113621
0.11048556
0.08588258
0.01291701
0.11849480
0.21705383
0.19838391
0.23009799
0.32007259
0.30447592
0.24578860
0.17850763
0.09351736
0.20352368
0.23372153
0.22138262
0.24255904
0.23867452
0.24923351
0.22571107
0.19827349
0.16681732
0.11293787
0.05829072
0.15350714
0.25853222
0.31519589
0.33186747
0.32841047
0.31283069
0.30904202
0.30079469
0.30181541
0.31023071
0.32090211
0.31935419
0.33725814
0.34866731
0.34084977
0.34352116
0.33240870
0.28772763
0.20612803
0.14515340
0.15067978
0.18152001
0.20080364
0.19192516
0.22646133
0.27083792
0.27684152
0.26540953
0.28478198
0.31067183
0.31996488
0.32374757
0.32022994
0.26652624
0.20865701
0.16205679
0.06113752
0.09110932
0.20356002
0.24839413
0.23624323
0.26686577
0.27257270
0.26298924
0.28680614
0.19096885
0.10515214
0.08420780
0.01337237
0.10412538
0.23736123
0.23240261
0.23908962
0.30945279
0.31555714
0.25529381
0.18774534
0.08285051
0.17995383
0.22904489
0.23869013
0.25263119
0.24362484
0.24304460
0.22628142
0.20964458
0.16437812
0.12239941
0.05896984
0.17759554
0.25652668
0.30749542
0.32432045
0.33013872
0.32346487
0.31856061
0.31318869
0.31893373
0.31964491
0.33285748
0.34012737
0.34537950
0.35031367
0.35523073
0.35557610
0.34906825
0.34544811
0.28861844
0.27038479
0.23592929
0.25383980
0.28131129
0.29245201
0.34549563
0.40698643
0.42470675
0.39644174
0.41272799
0.41703926
0.40572255
0.39264246
0.38324543
0.33886659
0.26351207
0.22765092
0.15998832
0.08472786
0.17226680
0.22610591
0.22624563
0.24317265
0.22685851
0.22228338
0.28975161
0.19565549
0.11722430
0.06638674
0.03452654
0.07255888
0.23683153
0.29572631
0.22639644
0.29921567
0.31081805
0.27733116
0.19330662
0.08488006
0.16895306
0.23695118
0.23264180
0.24830717
0.25547269
0.25364114
0.22869082
0.19733130
0.17229321
0.12231420
0.05997117
0.18254196
0.25144617
0.29455573
0.31229353
0.32572151
0.32542446
0.32353333
0.31999765
0.33390961
0.32645476
0.33757103
0.34639918
0.35084774
0.35210195
0.34945143
0.35624197
0.34732471
0.36254719
0.35991191
0.31282923
0.30257783
0.31659178
0.34207728
0.33980771
0.34543786
0.35812511
0.36697210
0.38555163
0.39344426
0.39364985
0.39179357
0.40728425
0.51660016
0.40214867
0.29805827
0.24129234
0.18261371
0.11291024
0.17335940
0.22511589
0.22327954
0.21973689
0.20803525
0.25274328
0.29196623
0.21982072
0.15088209
0.06935458
0.06838276
0.07790343
0.23450653
0.27244093
0.21774620
0.31496454
0.32518285
0.29137604
0.21005251
0.09089252
0.17357415
0.23644781
0.25760438
0.25931468
0.27081929
0.26769953
0.24289857
0.18957209
0.16622819
0.11250673
0.06247278
0.16673215
0.24456008
0.29146097
0.31350536
0.32598816
0.32865956
0.32747320
0.32822065
0.34035904
0.33189686
0.33638804
0.35194278
0.34993474
0.35100195
0.35752237
0.35703185
0.35558356
0.38027519
0.35693759
0.31458384
0.28421215
0.30313305
0.34698053
0.33463060
0.35976971
0.37347759
0.39305166
0.39262923
0.39145691
0.41546439
0.40889336
0.40949947
0.41065625
0.35904017
0.29649018
0.25082940
0.15060914
0.12369338
0.22411690
0.26071298
0.27245396
0.25954670
0.25076962
0.28840531
0.28871981
0.23218338
0.16773832
0.07287923
0.04848751
0.13763325
0.25273116
0.27142337
0.19784593
0.30364735
0.33900471
0.28608717
0.21819838
0.10171470
0.15680209
0.23715241
0.26583601
0.25137497
0.26139815
0.25397552
0.24578744
0.19252724
0.16025486
0.10697030
0.08356369
0.16041121
0.21992763
0.29008984
0.32035871
0.32997478
0.33229984
0.32511772
0.33146308
0.33554462
0.33415374
0.33289181
0.35017674
0.34416209
0.34836784
0.35163356
0.35792068
0.35782678
0.33844140
0.26629894
0.21782960
0.20848456
0.24568385
0.28769361
0.28947519
0.30692360
0.32135649
0.31311128
0.29889477
0.30451582
0.34295057
0.36129608
0.35760045
0.35708640
0.31560403
0.26646776
0.17267068
0.07124460
0.21958876
0.26196940
0.24649197
0.25433140
0.23514556
0.26649622
0.30553342
0.28956098
0.23092608
0.18171661
0.07900779
0.00559205
0.11574551
0.22094460
0.21091358
0.20198626
0.29734836
0.30610501
0.27034399
0.20643275
0.11203914
0.15762366
0.24344783
0.28449171
0.24959738
0.25591513
0.25636149
0.22909664
0.18921635
0.14747915
0.12439549
0.08697138
0.16559100
0.24246663
0.28772553
0.32173519
0.32627556
0.33261066
0.32754168
0.33119137
0.33441746
0.33375960
0.33646105
0.34265212
0.34428330
0.34935127
0.35403426
0.35378063
0.34260791
0.29514055
0.22810134
0.20294596
0.19924447
0.21602094
0.22121641
0.20124582
0.18935713
0.20769165
0.23613168
0.24681888
0.24791374
0.25003521
0.25476983
0.27530048
0.30751149
0.27822054
0.22610052
0.07450933
0.03635336
0.24497269
0.26287651
0.21455261
0.22482726
0.22003666
0.24410118
0.27855140
0.29662823
0.23805026
0.20261744
0.11375171
0.02040652
0.05963487
0.17397178
0.17567440
0.19810195
0.27393285
0.27994086
0.24490768
0.19499703
0.12329186
0.15648730
0.24075368
0.27934969
0.27553994
0.26587668
0.24337929
0.21688762
0.18281249
0.14854910
0.12711727
0.08336076
0.17337212
0.26369530
0.29785049
0.32305910
0.32759892
0.33214607
0.32514403
0.32581299
0.33135527
0.32365903
0.32557556
0.34429131
0.34693329
0.35620771
0.36399690
0.36295471
0.33854707
0.29350317
0.24409218
0.18926457
0.19202152
0.20189817
0.16500392
0.15960121
0.15353853
0.15396092
0.16788088
0.20648503
0.23161436
0.23832896
0.23218809
0.22083605
0.25853582
0.27226433
0.23482789
0.11413237
0.08871133
0.25405276
0.22858933
0.21660453
0.23231364
0.21883460
0.22422530
0.25510271
0.27552506
0.24846458
0.20121264
0.16082757
0.08871172
0.03133906
0.06845997
0.13070981
0.18223244
0.26664887
0.26116185
0.23049107
0.17117141
0.13343165
0.15541053
0.22213552
0.24537524
0.26972193
0.27061467
0.23576956
0.20050010
0.16840465
0.14580877
0.11603253
0.07179685
0.18340664
0.27323201
0.29991138
0.32131723
0.32667715
0.33064892
0.32428271
0.32653569
0.32918486
0.31645446
0.32635997
0.34421908
0.34898084
0.35310574
0.36572952
0.36035423
0.34824878
0.31854234
0.22725245
0.18139191
0.16949125
0.15772948
0.16248303
0.15560427
0.20610890
0.24007345
0.22115289
0.20201608
0.21969692
0.23256171
0.24887077
0.25480763
0.24969990
0.24551828
0.24460525
0.22221853
0.21302099
0.21128545
0.17200354
0.27536447
0.27079025
0.23907979
0.21567046
0.23882118
0.25170669
0.25739673
0.21581386
0.17302618
0.13825139
0.08102436
0.04136104
0.06862470
0.20980444
0.24419438
0.22803662
0.19845190
0.14906784
0.13243765
0.17369644
0.20724309
0.24054154
0.24138318
0.23207665
0.19424963
0.18456803
0.18804247
0.13962127
0.10702638
0.26411817
0.30199873
0.32162605
0.33266478
0.33068934
0.32784497
0.32274118
0.32979632
0.31913949
0.33181215
0.34077938
0.34649207
0.36023010
0.36098058
0.34979078
0.34090027
0.27792750
0.16088699
0.12521095
0.13803580
0.13453222
0.18580689
0.15493824
0.20177879
0.20046867
0.20709431
0.19716196
0.26952976
0.27244542
0.26249165
0.27129072
0.28701516
0.30457276
0.29531526
0.25655429
0.23705378
0.23580367
0.29634045
0.33495426
0.30803843
0.27459492
0.22776492
0.22002691
0.23196732
0.23098616
0.22053059
0.18689645
0.16032163
0.12913332
0.10618294
0.18129571
0.23589457
0.24033390
0.21233414
0.16901449
0.16227420
0.16511665
0.19643563
0.21184780
0.22658287
0.22114259
0.19778286
0.18932766
0.18552540
0.16675794
0.11795757
0.07672651
0.24417085
0.31007878
0.32817268
0.33527048
0.32988563
0.32155359
0.31833756
0.33012460
0.33341558
0.33519351
0.35199481
0.36593835
0.36503589
0.36315452
0.35190434
0.33236594
0.26723462
0.12608077
0.09073431
0.09829489
0.14796729
0.17169910
0.14255153
0.14106760
0.23174403
0.19613386
0.19531412
0.23404149
0.32264515
0.33770324
0.33549650
0.32956113
0.34620504
0.36818694
0.36365085
0.36672556
0.36439728
0.36129538
0.34668944
0.33304701
0.29096432
0.23595485
0.20773889
0.22153091
0.22504431
0.21498475
0.20044262
0.17349145
0.17448183
0.17512024
0.23820509
0.26298149
0.22428033
0.20880493
0.20877880
0.21091439
0.22202947
0.21804891
0.21151476
0.21219968
0.21449445
0.18058727
0.18352930
0.16735400
0.14105177
0.09207236
0.23403256
0.29120830
0.31856892
0.32991401
0.32872772
0.32277423
0.31922257
0.31887638
0.32250567
0.33069204
0.35725117
0.37232756
0.37014927
0.35780798
0.33586800
0.31451842
0.24497569
0.11937924
0.06922111
0.07637412
0.15961479
0.13980755
0.11747966
0.16282266
0.21855344
0.20641772
0.21739348
0.22262968
0.28164118
0.34344889
0.36520193
0.36417020
0.37509724
0.39029462
0.39320508
0.38844156
0.39283848
0.37730053
0.36435646
0.34339941
0.30120637
0.25939423
0.22335390
0.21353629
0.20010825
0.19434992
0.19963330
0.19920928
0.20179486
0.20912294
0.24622631
0.24883667
0.24721635
0.24157490
0.22819343
0.21903192
0.23385968
0.21624101
0.21190127
0.20589640
0.17790290
0.16355571
0.15770877
0.13616723
0.10236306
0.20299734
0.27310705
0.30232351
0.32965813
0.33757319
0.33333681
0.31336590
0.31379107
0.32039141
0.32536973
0.33692398
0.33769304
0.35778836
0.35209277
0.33311316
0.29798794
0.24051325
0.09641836
0.06245406
0.07198439
0.17736231
0.12696008
0.09233813
0.17606377
0.15975607
0.20325832
0.21933917
0.22399103
0.25901042
0.30951057
0.33970301
0.36166335
0.38207828
0.39128645
0.40282023
0.40776373
0.40314313
0.39158971
0.37497240
0.36258888
0.33434854
0.28261315
0.22839922
0.20388768
0.18794255
0.19264061
0.20068447
0.19458907
0.19971449
0.20998228
0.22110075
0.22274946
0.22387996
0.21563417
0.22550342
0.21045998
0.21464724
0.19759097
0.19743071
0.18524916
0.17271566
0.15465393
0.13050315
0.09474755
0.25348901
0.30969475
0.34102297
0.34589911
0.34135591
0.32000118
0.32193658
0.32576585
0.31841413
0.33341399
0.32669962
0.33752317
0.33592245
0.32217303
0.29962774
0.25205774
0.11776879
0.07047601
0.06720294
0.19674611
0.13878837
0.08530746
0.05808268
0.05204067
0.10289740
0.22738964
0.23357596
0.25474459
0.28830001
0.31088936
0.34661010
0.38573139
0.39777725
0.41137685
0.41970469
0.40519782
0.39202511
0.38468206
0.37142069
0.34881755
0.32063052
0.27333187
0.23921224
0.19993342
0.18885632
0.18829476
0.19707098
0.19699366
0.19456366
0.20399647
0.20561162
0.19984454
0.19941924
0.21242585
0.19128438
0.19705097
0.18066948
0.17415182
0.15732349
0.13174455
0.11333592
0.09926760
0.22637638
0.31846501
0.37496138
0.35784373
0.34097828
0.32331645
0.31260703
0.31290114
0.31105510
0.32698010
0.32334598
0.33109355
0.33482810
0.31043671
0.30853419
0.27967779
0.15816286
0.07288226
0.07918543
0.21561681
0.14396419
0.04395095
0.06923960
0.04123046
0.07052061
0.19481589
0.24598484
0.23900163
0.27492408
0.29844967
0.34307619
0.38311147
0.38919791
0.40156315
0.40289814
0.40132104
0.38498803
0.37250605
0.36402820
0.34953027
0.32804642
0.29637304
0.28162568
0.25780041
0.23566133
0.20522480
0.21147387
0.21273738
0.20045342
0.20453730
0.22240418
0.20982254
0.19014285
0.18585216
0.16932713
0.16565188
0.15799961
0.14316045
0.12637476
0.12096424
0.11667667
0.28111920
0.36605540
0.36212450
0.33044558
0.32373993
0.31428708
0.31056087
0.31259591
0.32677981
0.31701568
0.31910971
0.32071739
0.30873501
0.30464692
0.26343715
0.17658443
0.08311257
0.09038848
0.23580933
0.16641795
0.05340841
0.04353655
0.03702864
0.05481871
0.18445323
0.24171786
0.25189074
0.28241530
0.32080344
0.35078828
0.37453494
0.38719677
0.38430362
0.39465815
0.40404331
0.37867757
0.36797991
0.35516088
0.34003727
0.31596776
0.29630659
0.28572403
0.28161890
0.26874204
0.24973123
0.23332393
0.21698885
0.20432389
0.20668013
0.20395490
0.17483643
0.16366188
0.15445413
0.15092697
0.15094578
0.14484815
0.13668758
0.13338468
0.13809866
0.22349016
0.31605966
0.32233116
0.31701616
0.31677142
0.30713895
0.29932581
0.31253766
0.30840374
0.30231993
0.29364166
0.28995348
0.30393425
0.30118547
0.25715801
0.16688431
0.09973448
0.10405355
0.22740104
0.17456464
0.08032170
0.09459499
0.06494582
0.12817926
0.21666223
0.25480968
0.26091513
0.30149466
0.33196596
0.36653327
0.37796983
0.39299737
0.39138093
0.38858270
0.39028917
0.36447928
0.35571460
0.33623899
0.31197447
0.29356908
0.28241169
0.27140171
0.25404058
0.25956144
0.25776691
0.24367353
0.22401209
0.20251012
0.18510724
0.17199514
0.15591592
0.15090944
0.14410512
0.14220607
0.15078172
0.15288619
0.14528302
0.24679870
0.27421854
0.29331599
0.29043040
0.28720073
0.28012423
0.28120857
0.27022164
0.27419267
0.27629685
0.27504184
0.28700928
0.29309740
0.25876051
0.15766940
0.09816373
0.09349509
0.20551882
0.18769005
0.09736873
0.09244618
0.15169794
0.18714805
0.22098263
0.24176148
0.27202730
0.31667118
0.35289689
0.38168500
0.39197459
0.39296971
0.39149850
0.38383133
0.36209515
0.34207330
0.31944271
0.30919788
0.28913854
0.26855901
0.25392697
0.23977474
0.22319932
0.21429321
0.19738518
0.19261247
0.18862009
0.16349901
0.14836117
0.14036336
0.13991961
0.13883788
0.14711563
0.14732923
0.14959256
0.24344989
0.25563086
0.26274298
0.27767314
0.26189355
0.26392226
0.26819494
0.27040214
0.27319384
0.28057031
0.28090805
0.28067527
0.25102652
0.17321239
0.09480544
0.08019052
0.17148120
0.20453730
0.13466792
0.05486868
0.08928013
0.15614906
0.18385903
0.23265780
0.27340499
0.32445739
0.36525548
0.40335643
0.40614027
0.39934948
0.38064583
0.36710842
0.34874273
0.33088803
0.30617425
0.28716217
0.26145063
0.23065588
0.21086743
0.19382586
0.17911453
0.16980672
0.16016107
0.15567165
0.15804269
0.15383476
0.15800602
0.14432038
0.14204513
0.14563269
0.13478698
0.25644583
0.25884202
0.26137646
0.25916440
0.26632619
0.26308734
0.26954902
0.26980911
0.27159139
0.26613914
0.25210109
0.18205291
0.09803214
0.07814261
0.14098069
0.19550458
0.17384567
0.10878397
0.07550499
0.11125123
0.16616871
0.23241103
0.27685062
0.32845580
0.37486987
0.40535135
0.40735604
0.38703343
0.36469365
0.32822514
0.31140002
0.29557875
0.25874396
0.23045928
0.20901248
0.19259710
0.17870924
0.17099465
0.15905681
0.16181772
0.16098689
0.15597269
0.15147596
0.14597367
0.15505541
0.14421557
0.23925505
0.23840394
0.24408822
0.23937782
0.24249914
0.24130184
0.24509595
0.24089120
0.23710116
0.22893820
0.20927235
0.12948108
0.07235775
0.11912295
0.15334953
0.17385796
0.17606465
0.15721390
0.16304748
0.17698540
0.23880837
0.27762314
0.32622005
0.36941251
0.37697351
0.38097645
0.37192049
0.34677240
0.31500748
0.28642007
0.24413926
0.21205454
0.19764135
0.18147349
0.17633997
0.17323391
0.15599206
0.15317287
0.15040912
0.14186373
0.14501389
0.20275746
0.20565713
0.20576566
0.19931648
0.19527061
0.19965849
0.20096829
0.19664970
0.19321977
0.19132041
0.15347500
0.08814446
0.07121686
0.11099859
0.12924747
0.15919537
0.17518597
0.18113551
0.19120837
0.23216465
0.28368820
0.31020342
0.34396418
0.35213874
0.34831089
0.33178284
0.31479192
0.28238512
0.25181265
0.22000787
0.19321262
0.18067182
0.17451364
0.17068828
0.16323719
0.15532378
0.15711586
0.15059859
0.15960815
0.15571397
0.15245630
0.12268305
0.07751783
0.09502946
0.08643146
0.11541599
0.14409004
0.17116414
0.20079390
0.23774846
0.27355003
0.29271124
0.29722577
0.30811665
0.30593732
0.29966542
0.27472172
0.24987895
0.22154315
0.12528690
0.13944201
0.15198305
0.15847236
0.14795899
0.12404956
0.11226439
0.10371561
0.10805199
0.12176255
0.15384786
0.19902270
0.22821441
0.24974263
0.24478325
0.24868697
0.25496302
0.24859096
0.24236430
0.22162171
0.20867935
0.21309511
