0.07905286
0.09534364
0.10718156
0.11164863
0.11753944
0.11149396
0.11100557
0.10427572
0.09801537
0.08626309
0.05478403
0.05237960
0.05641364
0.05846621
0.05782356
0.05666406
0.05110920
0.07548114
0.10482453
0.12784262
0.13214312
0.13604132
0.15552947
0.16582135
0.15480093
0.13567143
0.13151604
0.10785967
0.09619515
0.08613040
0.07275938
0.07718326
0.07846605
0.07756826
0.07603243
0.06490330
0.06169430
0.07133543
0.07783037
0.08160411
0.08708823
0.08437584
0.08108220
0.06920475
0.07057027
0.08386914
0.10310849
0.14053782
0.17477418
0.17698075
0.18990418
0.18420329
0.18470144
0.16689214
0.15302099
0.13320109
0.12715534
0.12009541
0.09290827
0.08654851
0.09292270
0.09219024
0.09699362
0.09373256
0.09503388
0.08970965
0.07781987
0.07070468
0.06567632
0.07025236
0.08068200
0.08337584
0.08667597
0.08254874
0.07254869
0.06276912
0.03472729
0.02879688
0.03564116
0.05970131
0.08654104
0.08876748
0.07944129
0.09075990
0.14908082
0.17641949
0.20005578
0.19286030
0.19568787
0.19420237
0.19022677
0.17098922
0.16099943
0.15460062
0.14954903
0.13751385
0.12197489
0.12421273
0.12510635
0.12987951
0.12892611
0.13581514
0.12976922
0.13230281
0.12522201
0.11157402
0.09112201
0.07606919
0.07003037
0.08307965
0.09803772
0.09354594
0.08937195
0.08724427
0.07889010
0.06724850
0.06361422
0.06832510
0.08250846
0.08495334
0.09280745
0.05403819
0.04110084
0.04864714
0.06274446
0.07791675
0.07167426
0.06811091
0.04717923
0.08965847
0.16425542
0.19900552
0.22967654
0.21753071
0.20429190
0.20152551
0.19319996
0.19781472
0.18692485
0.18134711
0.17861459
0.16517981
0.16027982
0.15460540
0.15218612
0.15731999
0.16276750
0.16041983
0.15881559
0.15915178
0.15160992
0.14493300
0.11842704
0.09763299
0.08927796
0.07584701
0.07344263
0.07826980
0.08673431
0.08969188
0.09919716
0.10117108
0.10298172
0.09980705
0.10084654
0.10376714
0.10753699
0.11090746
0.11527658
0.09385629
0.03863737
0.04533186
0.09148760
0.11045388
0.07711652
0.04687068
0.01640996
0.02561496
0.09851243
0.16298445
0.21460556
0.22731453
0.21293825
0.21202747
0.20483688
0.19998141
0.22400313
0.20896819
0.19945176
0.19562176
0.19705742
0.18608074
0.17315755
0.16134455
0.16752655
0.17237859
0.15592220
0.13835972
0.13607726
0.13253245
0.13470580
0.13367473
0.11581892
0.09524814
0.08579974
0.07137377
0.06246266
0.06327339
0.05838521
0.05495502
0.11766995
0.11268370
0.11817445
0.12513552
0.12227655
0.12157404
0.12424949
0.12705848
0.12343927
0.13282423
0.07694897
0.04966785
0.05211563
0.11212826
0.13523777
0.07424092
0.05458304
0.00877752
0.08985126
0.12370725
0.13070884
0.18373721
0.20919491
0.19931934
0.20533261
0.19945301
0.21181610
0.23287102
0.21845771
0.22878833
0.19834850
0.19529723
0.19873102
0.18160874
0.17258198
0.16682683
0.15887256
0.14886241
0.13117730
0.12971968
0.12204167
0.12248288
0.13498783
0.12115542
0.11377661
0.10781229
0.10113659
0.09050978
0.07830920
0.07115929
0.05451431
0.03782254
0.13245400
0.13276759
0.13068879
0.12987045
0.11924634
0.12681813
0.13634503
0.12915211
0.13789576
0.15276158
0.13548652
0.08571808
0.05471457
0.05732079
0.13668360
0.14214703
0.08733823
0.03096344
0.07924542
0.12748962
0.15350120
0.11508219
0.16980290
0.19834665
0.18894662
0.19592381
0.21572943
0.21797923
0.23533008
0.24031184
0.22792860
0.21746189
0.20075964
0.18922880
0.17786284
0.15795624
0.15994114
0.14456847
0.13221585
0.12611096
0.13305882
0.12317177
0.11551188
0.12314768
0.12678598
0.12625106
0.11141693
0.11183589
0.11340163
0.10878542
0.10026038
0.09574224
0.07663879
0.05964624
0.13646737
0.13791408
0.14096573
0.14295096
0.13276719
0.12505137
0.13429218
0.13654761
0.13411573
0.14338138
0.16867914
0.15371922
0.10897443
0.06468160
0.07263080
0.17539798
0.13738845
0.10146292
0.01123338
0.04313157
0.10858387
0.15938699
0.11225718
0.16926586
0.20273346
0.19626521
0.19747155
0.22903727
0.23296528
0.23479293
0.23766279
0.22727282
0.21511744
0.20319543
0.18403625
0.16451506
0.16395490
0.14607846
0.12541195
0.12691550
0.14149380
0.13333318
0.11059857
0.12134343
0.13582489
0.13163508
0.13754961
0.13527038
0.13113662
0.12492564
0.12113117
0.11732491
0.11747616
0.10077022
0.09175521
0.14926623
0.15349913
0.14625634
0.13958478
0.14242082
0.14490802
0.14930088
0.13177320
0.14822213
0.14202729
0.15472923
0.18211558
0.15154341
0.12380196
0.05949587
0.06626160
0.18879007
0.16490452
0.11506230
0.00938595
0.03086001
0.09931187
0.17123756
0.12429669
0.17038990
0.18345984
0.19302868
0.19799168
0.23357744
0.23880949
0.25841706
0.25763175
0.23334033
0.21901789
0.19594757
0.17814854
0.15375218
0.13856606
0.12421702
0.12461982
0.11677633
0.12281937
0.10308066
0.10714577
0.12975696
0.13775512
0.14548901
0.15640270
0.15697397
0.14684442
0.13926927
0.13653642
0.13995085
0.12960792
0.12721588
0.10748708
0.09451567
0.16487783
0.17282116
0.16333818
0.16130926
0.16000314
0.15314087
0.15059298
0.16428729
0.15337214
0.16649682
0.17212438
0.17586662
0.17938926
0.14850624
0.10398467
0.05530368
0.04471405
0.17692489
0.18103838
0.12542123
0.15074816
0.03216898
0.14171477
0.15800011
0.12463278
0.17764179
0.17871675
0.18420974
0.22782520
0.23587143
0.25234918
0.26954332
0.24485827
0.22244034
0.19805500
0.17932593
0.17186923
0.14715003
0.12350855
0.11063055
0.11481417
0.12578004
0.10268929
0.06026451
0.03454238
0.09835420
0.10446072
0.09982916
0.12611423
0.13415853
0.13639323
0.13823700
0.14140627
0.14786564
0.14874062
0.13661583
0.12142848
0.11538250
0.10490685
0.19095349
0.18324134
0.17590457
0.17439107
0.17231044
0.16316715
0.16574215
0.16928866
0.15983524
0.17844224
0.19162407
0.18436780
0.19683828
0.17403954
0.10115544
0.04136395
0.05017201
0.13507775
0.15389717
0.11240186
0.02233787
0.06741929
0.15720271
0.14775056
0.13887298
0.16409921
0.18065715
0.20814891
0.22854843
0.22887910
0.23213887
0.22921545
0.23334790
0.21130686
0.19455300
0.17664473
0.15173558
0.13649733
0.12382296
0.12633597
0.11731187
0.12396139
0.08765528
0.05934958
0.01971668
0.08589072
0.09931770
0.08154119
0.07864003
0.10753769
0.12441034
0.13746277
0.14782296
0.15775066
0.16838148
0.15411522
0.14433555
0.13471573
0.12742442
0.11261466
0.20678931
0.20134000
0.19826059
0.19089091
0.18020654
0.18204940
0.17480385
0.16814294
0.17382858
0.17007190
0.18990637
0.20099874
0.20097066
0.20243969
0.17305478
0.08538534
0.04608962
0.03896825
0.10388904
0.14698219
0.09430512
0.07256330
0.22172800
0.14891343
0.12491813
0.12872586
0.16714115
0.19090953
0.22520011
0.23018637
0.21784524
0.22172589
0.21915316
0.20919266
0.19848030
0.19644955
0.17963705
0.16194440
0.13687450
0.13610190
0.13612536
0.14958104
0.11929033
0.08779103
0.06687361
0.01726570
0.10365970
0.11548001
0.11506490
0.08565214
0.07976522
0.13221528
0.13599273
0.16510330
0.17778036
0.19212593
0.17130894
0.16067757
0.14315562
0.14748107
0.12844399
0.10241292
0.22648804
0.22529808
0.20806977
0.19081341
0.18148647
0.17980021
0.18574040
0.17388182
0.18354844
0.19684450
0.20652455
0.21416947
0.20851734
0.19532486
0.18080963
0.06769624
0.05978230
0.03153107
0.07378302
0.14605423
0.07878052
0.05873533
0.19250956
0.11559789
0.12143088
0.12721133
0.19029183
0.20830055
0.18948891
0.18095165
0.18156048
0.18737676
0.17845458
0.12942344
0.09192109
0.14772369
0.17807493
0.16200830
0.14071154
0.13748824
0.14973371
0.14373080
0.10990896
0.10487957
0.06492184
-0.00243015
0.08486467
0.13244033
0.12757142
0.10660096
0.07865795
0.11082390
0.14935582
0.16905483
0.20191612
0.18166892
0.18382282
0.18199554
0.16660133
0.17051230
0.15471431
0.11732398
0.19603888
0.24579754
0.24384882
0.21845195
0.20147311
0.19132153
0.20408568
0.18543869
0.18610271
0.19102427
0.19234829
0.20621800
0.22240488
0.22157031
0.20300441
0.18804734
0.09986672
0.07207324
0.07013226
0.05627181
0.11757327
0.09162126
0.08277592
0.12759989
0.11146670
0.13068706
0.15222875
0.16227698
0.13674873
0.13430478
0.13013727
0.14936728
0.13997782
0.10390244
0.09914043
0.09264889
0.04539249
0.15499225
0.14092023
0.15144506
0.15489378
0.17256048
0.15857507
0.11875209
0.11961702
0.04265887
-0.01063975
0.07264771
0.15603982
0.17477672
0.13167477
0.08829515
0.08461902
0.14558971
0.17834154
0.19079897
0.17527639
0.18991918
0.20209434
0.18745018
0.17441032
0.15226458
0.13930087
0.20419813
0.24584328
0.24552659
0.22859785
0.20905893
0.19563606
0.20909918
0.20096783
0.20067774
0.19861581
0.21242218
0.22501174
0.21702354
0.22935728
0.21225837
0.19165582
0.12058783
0.08182875
0.10145650
0.07499769
0.07126497
0.09062917
0.11901891
0.10109375
0.13539638
0.11792109
0.12474941
0.11319682
0.10890477
0.11370933
0.11413618
0.12213380
0.12945372
0.10603585
0.07402631
0.11362640
0.08297981
0.11764229
0.14298650
0.15215234
0.17404820
0.19057187
0.14875542
0.12536990
0.12468680
0.04288321
0.02240449
0.08229928
0.15660356
0.20599762
0.16833794
0.10591283
0.07163513
0.12885864
0.17141906
0.17893801
0.18061978
0.18935199
0.21582315
0.21701749
0.19666542
0.17134664
0.14361915
0.11012601
0.16654616
0.22059220
0.24398738
0.24030128
0.22622295
0.21137045
0.20429319
0.21383811
0.21222602
0.21560444
0.22442725
0.23605100
0.23588262
0.23753227
0.23549101
0.24009541
0.21326050
0.19782537
0.10554281
0.11884760
0.10909252
0.05630587
0.06886835
0.06521982
0.08159114
0.08458203
0.09083727
0.10239023
0.11016519
0.11107783
0.11262491
0.12256024
0.14491395
0.14369122
0.11333179
0.01320388
0.05958552
0.13650586
0.12097030
0.16190363
0.17963191
0.19147590
0.20336706
0.17465236
0.11929875
0.12852988
0.05439104
0.04852564
0.10061590
0.16964042
0.21068579
0.19484739
0.12337377
0.06251697
0.11521774
0.15954769
0.16588686
0.17215906
0.19551467
0.20803388
0.22321543
0.21492514
0.19124507
0.15809793
0.11774249
0.16422090
0.23366884
0.24818853
0.24500741
0.22900657
0.21979336
0.20541698
0.19901843
0.21843396
0.20757975
0.22153456
0.23991889
0.24184649
0.24185838
0.25091106
0.23091882
0.24077242
0.20303242
0.18168603
0.16171646
0.13423129
0.10303480
0.07040757
0.07646016
0.08303378
0.09427625
0.11066813
0.12013271
0.13053075
0.15389004
0.15934776
0.17295333
0.17248397
0.14611452
0.10834132
0.03403560
0.01253503
0.14836392
0.16990366
0.19139346
0.20263691
0.22725402
0.22458685
0.22285076
0.15868907
0.12797047
0.07002372
0.09557933
0.09379771
0.15017508
0.22048844
0.21818834
0.12781745
0.06537295
0.09874711
0.13467015
0.16527588
0.17170979
0.20397968
0.20586285
0.22749127
0.22138996
0.19996085
0.15981166
0.12107930
0.18538324
0.23181588
0.24882549
0.24446330
0.23262776
0.21586162
0.21285766
0.19891472
0.22406224
0.22183569
0.22777237
0.22799106
0.24350363
0.24276147
0.24115586
0.24410320
0.26082214
0.25811902
0.15072723
0.11584487
0.11779889
0.14305058
0.14406012
0.13443421
0.16341525
0.17848366
0.18223144
0.17804798
0.19435245
0.21030797
0.22202882
0.22497166
0.23732461
0.20591148
0.14877936
0.12186940
0.02895360
0.04569855
0.16974472
0.22599686
0.22626291
0.25696586
0.27139116
0.20688439
0.18860445
0.13159941
0.06248178
0.10146977
0.10325425
0.12109512
0.19370886
0.21366125
0.13116451
0.06989406
0.09262323
0.12492209
0.16796283
0.17661058
0.20976030
0.22060713
0.23907601
0.22968287
0.19967111
0.16720576
0.12584407
0.18303825
0.23026141
0.23557069
0.25036181
0.24081295
0.23420794
0.22566521
0.23529455
0.22790716
0.24356737
0.24993863
0.24747052
0.24100734
0.24598561
0.24368370
0.24572778
0.29205821
0.31366111
0.24327240
0.21741161
0.17921067
0.19768429
0.21370147
0.22568159
0.24869879
0.28525786
0.29830356
0.27751350
0.28563609
0.27351725
0.28360256
0.29106901
0.31645755
0.28259308
0.21269244
0.17462991
0.11884088
0.04634331
0.12634542
0.20589515
0.21568802
0.24075454
0.22623689
0.18244987
0.20644634
0.13215010
0.06497208
0.06771248
0.06999526
0.14373554
0.21380373
0.23055626
0.12818542
0.06507710
0.09984277
0.13036173
0.17106911
0.18562216
0.20531032
0.23213537
0.24362947
0.22883366
0.19267748
0.16034405
0.12003056
0.13488145
0.18764293
0.22301660
0.22539405
0.23622231
0.24451187
0.24558881
0.23036577
0.25941970
0.24756229
0.24449565
0.25168316
0.25412230
0.24814500
0.23679317
0.23941943
0.24906766
0.29125830
0.33037187
0.31209086
0.26155954
0.24798941
0.26453221
0.27028019
0.27055718
0.25399400
0.26344249
0.25831643
0.27387888
0.26533048
0.25901373
0.26290190
0.31264362
0.55492752
0.37279450
0.23727138
0.17772747
0.13403665
0.07453334
0.10467264
0.18863154
0.19687917
0.20020207
0.18748545
0.20204347
0.19061756
0.15204964
0.10695590
0.08332683
0.09145970
0.14196621
0.22705038
0.23756813
0.14753200
0.07084972
0.10600225
0.13788287
0.16742860
0.19390337
0.19813200
0.22613007
0.24370724
0.22814616
0.18892036
0.15622529
0.11143297
0.11961380
0.19127041
0.21893287
0.23461524
0.24226791
0.24771801
0.24058829
0.24243880
0.26765086
0.24584289
0.23748239
0.25132951
0.25884280
0.24345994
0.24079164
0.24821258
0.24809868
0.32046498
0.34956929
0.30964627
0.25770352
0.22304183
0.24668379
0.27467858
0.25734438
0.26348286
0.26451460
0.27041600
0.28114278
0.27759742
0.28378880
0.28112364
0.30903045
0.35594157
0.29947121
0.22243843
0.18609153
0.11654478
0.07490455
0.17394200
0.23418856
0.23509322
0.22730050
0.21195324
0.21730339
0.16579177
0.15467628
0.12571211
0.05967315
0.10431671
0.13193405
0.22416963
0.23085128
0.14139373
0.07884092
0.12700164
0.14870975
0.19502814
0.19747005
0.19977424
0.21825096
0.22771114
0.23108278
0.17680593
0.15263318
0.12260930
0.11611122
0.16612844
0.21811486
0.24125664
0.25152041
0.25792527
0.24787671
0.24642123
0.25293467
0.25053925
0.24136762
0.23977285
0.25167970
0.24501931
0.23406717
0.24722922
0.27557538
0.29639889
0.26716028
0.17964676
0.17624359
0.15462408
0.19542388
0.20906341
0.23128529
0.23061718
0.22651816
0.21146356
0.21165006
0.21894843
0.24989611
0.25497031
0.25361093
0.26324756
0.23874765
0.19372889
0.13764476
0.03635891
0.13457154
0.20091222
0.20840241
0.21655069
0.21517874
0.22761509
0.22006376
0.16517347
0.15902665
0.13883047
0.02952494
0.05432070
0.12398856
0.19984702
0.20521582
0.12482365
0.09144312
0.13422033
0.16161385
0.21520813
0.22263386
0.21212830
0.21693496
0.22940201
0.22336457
0.17793256
0.15930123
0.13875895
0.18806359
0.22099854
0.25013841
0.24962350
0.26025237
0.24807028
0.24804827
0.26653973
0.25528516
0.24661783
0.24825430
0.25239803
0.23395306
0.24032164
0.25367635
0.27414082
0.30751253
0.23749415
0.17593213
0.17740025
0.15236856
0.16091117
0.15294985
0.14497139
0.13109870
0.15706945
0.17000838
0.18130487
0.18023287
0.18624778
0.18678252
0.19496282
0.22040006
0.20720952
0.16304394
0.05111332
0.01785340
0.16757256
0.15811729
0.16925663
0.19246224
0.18544368
0.20212357
0.21873508
0.18179804
0.14627522
0.14871630
0.04142151
0.01752998
0.11628961
0.17898194
0.16409944
0.12153776
0.10032554
0.13022486
0.16802271
0.20157120
0.21009764
0.22222128
0.22026124
0.22236266
0.19309318
0.16810348
0.15440826
0.12244910
0.20336189
0.23472108
0.25759732
0.25383824
0.25282384
0.24155535
0.23566864
0.26277708
0.24211525
0.23982266
0.24203582
0.25774960
0.23984305
0.24636260
0.26859582
0.28982474
0.30913804
0.26390865
0.21111060
0.15761154
0.16002915
0.15178968
0.10645279
0.10786363
0.08968890
0.10251093
0.12350831
0.16322398
0.16397385
0.17824699
0.17215604
0.16087391
0.19044117
0.20183037
0.16908880
0.05651057
0.03602417
0.17729337
0.12082497
0.18854705
0.18581704
0.17944690
0.18913160
0.21085940
0.21021591
0.15048389
0.15599894
0.07410600
-0.00099259
0.11373385
0.16296253
0.15067908
0.10968322
0.11098589
0.13312509
0.15703696
0.18552735
0.21218076
0.21508957
0.20800523
0.18881893
0.17403879
0.17247342
0.14384979
0.21522066
0.23485765
0.24424075
0.25028828
0.25293821
0.24097732
0.23722465
0.25629972
0.23444531
0.23028114
0.23669174
0.24898755
0.24206120
0.24108970
0.26893455
0.28427332
0.30661846
0.32631002
0.20529492
0.15937151
0.14139148
0.09586399
0.10651203
0.09381798
0.15057658
0.17157307
0.14663931
0.14825039
0.15615433
0.16738948
0.18435750
0.18616963
0.17247265
0.17175924
0.17474677
0.14907357
0.12459576
0.11031346
0.10808892
0.20342874
0.19299550
0.17680885
0.17922440
0.19385839
0.19899861
0.15496945
0.14425835
0.11352276
0.02477750
0.10404145
0.14991039
0.13320486
0.11047026
0.12635101
0.15492189
0.16934826
0.17404154
0.20905842
0.19491605
0.18941550
0.16862543
0.17626412
0.16762421
0.13193654
0.20361306
0.23930235
0.24924862
0.25336149
0.25080859
0.24224978
0.24304660
0.24401267
0.24440395
0.22991089
0.24281743
0.24855524
0.23829125
0.24604206
0.25367902
0.24732058
0.28987743
0.22583153
0.15092251
0.10627312
0.11776943
0.07705515
0.11865090
0.10327692
0.11380240
0.12362319
0.14382680
0.16954959
0.20540584
0.17700998
0.18396734
0.18820042
0.20866613
0.21859185
0.20018313
0.16469413
0.14318881
0.12296554
0.20048839
0.22748631
0.20604322
0.20295644
0.16645072
0.18368619
0.19281074
0.17257616
0.13621577
0.10239779
0.04734201
0.09388941
0.14058862
0.11875481
0.13204415
0.15183279
0.16206403
0.17093271
0.17664464
0.18369898
0.19153583
0.17499371
0.17696771
0.17283574
0.15408123
0.12253395
0.18689874
0.24555032
0.25431902
0.25546706
0.25093021
0.24314266
0.23094080
0.24271348
0.25634503
0.24629379
0.24381685
0.27773409
0.27242712
0.25424141
0.25994717
0.25531858
0.27934984
0.21549548
0.10606857
0.07675942
0.07953107
0.10930767
0.11155493
0.09409349
0.07032706
0.11703868
0.12796174
0.14128030
0.22743341
0.26131316
0.25379887
0.23305206
0.23316896
0.25518162
0.26143000
0.24610284
0.23102014
0.23246929
0.24023630
0.22452140
0.21458110
0.19096968
0.16527745
0.16747390
0.18009510
0.18075502
0.14298473
0.09811614
0.05102364
0.08079729
0.13258662
0.14148972
0.17781071
0.19023053
0.18997177
0.18385068
0.18488728
0.19215423
0.19574036
0.17285661
0.16014193
0.14824803
0.12616395
0.08777691
0.23742893
0.24872509
0.25355690
0.24422044
0.23883098
0.22812540
0.22863210
0.24122717
0.24034472
0.24047841
0.29556824
0.31265821
0.26185091
0.25738402
0.24474594
0.25434581
0.19384152
0.09639519
0.05179056
0.05736125
0.12921226
0.09599541
0.07349818
0.12463435
0.13932167
0.13954015
0.13748141
0.17424720
0.24989733
0.28341675
0.26400933
0.26026145
0.28432038
0.30373854
0.28027020
0.26387098
0.22779379
0.22853316
0.23168644
0.21600644
0.18226121
0.16489200
0.14616945
0.17694247
0.17669231
0.15546820
0.12854244
0.08596222
0.08725156
0.17132056
0.18765665
0.20337936
0.18846360
0.18333950
0.18403073
0.17787479
0.19636452
0.18300773
0.16066167
0.14345978
0.12724632
0.09213487
0.21250340
0.23560094
0.24833031
0.24694267
0.25556770
0.22958584
0.21410424
0.23204434
0.23737078
0.23473478
0.23395706
0.26824174
0.25928200
0.25536311
0.24735792
0.23098926
0.19676363
0.06870867
0.04925988
0.05685466
0.16084474
0.10732961
0.06275567
0.16893350
0.19371786
0.15311344
0.13035697
0.17852865
0.21556895
0.25222916
0.26114122
0.27430361
0.28659238
0.30081985
0.29174997
0.26724806
0.25059055
0.23507079
0.23348617
0.22900318
0.20013123
0.18369804
0.16594105
0.15633778
0.15639565
0.16718304
0.16080159
0.14341792
0.12898675
0.17075665
0.19685420
0.18457817
0.18280860
0.17018664
0.17844121
0.17419873
0.17664842
0.17158732
0.14417978
0.12192209
0.09618236
0.23347018
0.25450641
0.25374043
0.25290453
0.24155051
0.22293053
0.24106449
0.23037232
0.22557846
0.23470896
0.22251508
0.23488668
0.23571221
0.22724736
0.22829570
0.20785813
0.08658368
0.05978316
0.05572591
0.19998066
0.14711414
0.06639519
0.04782515
0.08492250
0.20124165
0.17012843
0.15839236
0.19577239
0.23074648
0.23998397
0.27435729
0.29761299
0.31543859
0.34395733
0.31376071
0.26365930
0.24617596
0.22663098
0.23343146
0.23145591
0.19869576
0.18694192
0.16463129
0.16727770
0.17367499
0.18849567
0.15972042
0.14384069
0.15482774
0.17305495
0.16990014
0.18044778
0.17469717
0.17794687
0.15688554
0.15030086
0.13317200
0.10986054
0.09550549
0.23060388
0.28515480
0.27501713
0.25539548
0.24447997
0.22403670
0.21060763
0.21546243
0.21785997
0.22613204
0.22092388
0.23452157
0.23822238
0.21478760
0.23325526
0.23123074
0.13670887
0.06086438
0.07172150
0.23119912
0.20273607
0.08300518
0.07028590
0.04431777
0.18976384
0.20985905
0.14291192
0.20867342
0.22865313
0.24654937
0.26693661
0.26789969
0.30938494
0.31242493
0.30812839
0.27715238
0.26086479
0.23893878
0.22607035
0.22350346
0.21968721
0.21605893
0.19212824
0.17276978
0.17021234
0.17912600
0.16675383
0.14947691
0.15901636
0.17648891
0.18225069
0.18564525
0.17294700
0.15515548
0.13559575
0.12521965
0.11046204
0.10743504
0.11441025
0.28041514
0.29607737
0.25111296
0.24174072
0.21915979
0.21524125
0.21342709
0.21827882
0.23512312
0.21343960
0.22339131
0.22959922
0.22250903
0.22513073
0.20351766
0.15524582
0.07170892
0.08851791
0.26276840
0.22264579
0.11862200
0.02608271
0.05067546
0.15704312
0.21961608
0.14118001
0.21759796
0.25159339
0.25287969
0.25339974
0.26712652
0.26569964
0.30457564
0.33588864
0.29188414
0.27995881
0.26327397
0.25103824
0.23617576
0.21718141
0.21326982
0.20724897
0.19993017
0.18020341
0.17129066
0.18458989
0.18632661
0.18601227
0.22053029
0.20314913
0.17235049
0.14552676
0.13655662
0.12693047
0.12279727
0.12652694
0.13681989
0.23212728
0.25855846
0.24313856
0.23892494
0.22351087
0.19991859
0.20266601
0.20843105
0.21031664
0.20919234
0.20076499
0.19868284
0.22036664
0.22273631
0.19226177
0.14014041
0.08741861
0.09801215
0.24549604
0.20685265
0.13831131
0.02041199
0.07566808
0.17433193
0.24363758
0.16020020
0.24895597
0.26771538
0.26970257
0.25436431
0.27359898
0.26650512
0.28522518
0.32512349
0.28901329
0.28259298
0.26719963
0.26591834
0.24628860
0.22720421
0.21686824
0.22307856
0.23903491
0.22346702
0.21230750
0.21748797
0.21592195
0.22050011
0.22498560
0.18185449
0.15390239
0.14057318
0.13383007
0.13573733
0.14360981
0.13996734
0.21337035
0.22429073
0.22472778
0.22413208
0.18869231
0.18398949
0.18118804
0.17786529
0.18071926
0.18001976
0.17940862
0.20326230
0.21920582
0.18650726
0.12695862
0.07768960
0.08122286
0.20920438
0.19450684
0.12833681
0.04622192
0.08720390
0.18216485
0.22660936
0.17963760
0.25608981
0.29017460
0.27200901
0.25407923
0.25592281
0.27811275
0.28952853
0.30675497
0.27585261
0.26960677
0.26347505
0.25421040
0.24193789
0.23564570
0.23406828
0.22513917
0.22860412
0.23054207
0.23312572
0.21886917
0.21236284
0.20656862
0.19084686
0.15967765
0.14411472
0.13563554
0.13831436
0.14800777
0.13441458
0.19447248
0.19856523
0.20733840
0.19029957
0.17755526
0.17739757
0.16957196
0.17978789
0.18461011
0.19330147
0.19556238
0.21567705
0.18782784
0.13332982
0.07711089
0.06007352
0.16304813
0.18899683
0.12574892
0.08592853
0.01710938
0.11851619
0.17838912
0.19836377
0.26638927
0.30217977
0.29064988
0.28321953
0.28403504
0.26909105
0.30161101
0.27064902
0.26808083
0.24592374
0.25502497
0.24474341
0.23233915
0.22691311
0.23437081
0.22137414
0.23949998
0.23679958
0.22510701
0.20710652
0.19892408
0.16968568
0.14877916
0.13234139
0.13656165
0.14853579
0.14062942
0.12722160
0.18890603
0.19501722
0.19445705
0.17952163
0.17405905
0.17020872
0.17380120
0.18991153
0.18525389
0.19273208
0.19970634
0.18924425
0.12782193
0.07322226
0.06009617
0.12089849
0.17541429
0.15474812
0.08122094
0.04767315
0.05414506
0.13815464
0.22404293
0.26955089
0.30680030
0.31353433
0.29676620
0.28457662
0.27642765
0.28381074
0.28781427
0.27253461
0.26020626
0.24148583
0.22846111
0.20259001
0.19336523
0.19668849
0.19297812
0.18200073
0.17517531
0.17147724
0.16206233
0.14698737
0.13783457
0.13129655
0.14270033
0.13644860
0.12137553
0.17152118
0.17720169
0.16201059
0.15878252
0.16663915
0.16575020
0.17572583
0.17120815
0.17672857
0.17492406
0.16396926
0.09460312
0.04698156
0.09432886
0.12828902
0.14012782
0.13748987
0.10317436
0.10243825
0.12984528
0.20603711
0.25693147
0.28931849
0.28667818
0.29626210
0.29734991
0.28181992
0.25757186
0.25472518
0.24613226
0.21527488
0.19332784
0.18181646
0.16984958
0.15780513
0.15516168
0.15287515
0.17432913
0.16807191
0.14967801
0.15194920
0.13427468
0.13625278
0.12149405
0.11221374
0.14881643
0.14539020
0.14026283
0.13865398
0.13881533
0.14178407
0.14958066
0.14488011
0.14559366
0.14998223
0.10953470
0.06009549
0.05003889
0.08802109
0.10030410
0.14173706
0.15188712
0.15233715
0.14353498
0.21042131
0.23950428
0.27539058
0.27161166
0.27843279
0.27757580
0.27081728
0.24354017
0.22630624
0.19415110
0.17107384
0.16430086
0.15829049
0.16179576
0.15831971
0.14157418
0.13628777
0.12428976
0.11879394
0.11307016
0.10917713
0.10090361
0.12863317
0.12345513
0.11082422
0.10968969
0.10734767
0.11132422
0.11895135
0.12164274
0.11988950
0.08783179
0.05464907
0.07578734
0.07305101
0.10713689
0.13002908
0.15360981
0.16819830
0.20045956
0.23490745
0.23536837
0.24206152
0.25062242
0.25474162
0.24087502
0.22502486
0.19564604
0.18194228
0.15246910
0.09950554
0.10334078
0.11193629
0.11154360
0.11597094
0.11203381
0.08531124
0.08223375
0.07236301
0.08323742
0.09997582
0.14392856
0.17021381
0.19315495
0.18855545
0.20642487
0.20657023
0.20499437
0.21813793
0.20992583
0.19510737
0.16719516
0.11819316
0.12454222
0.14084706
0.16168138
0.16262961
0.16286596
0.16033543
0.16577727
0.15454150
