0.13770515
0.11875402
0.10391418
0.09897076
0.09913524
0.09876735
0.10020895
0.09861297
0.10452878
0.10739191
0.10625818
0.10347790
0.08879417
0.06578839
0.16861060
0.18268773
0.18676289
0.18756714
0.18616988
0.17734619
0.16815321
0.15755225
0.13199678
0.12045132
0.11371759
0.10857738
0.10805067
0.10080052
0.09348614
0.10946933
0.13371766
0.15415473
0.15308475
0.13989209
0.11028296
0.09549633
0.06719496
0.14342123
0.17648680
0.20086600
0.20702519
0.22368528
0.24221554
0.23649174
0.23850176
0.23659044
0.24001906
0.22252120
0.19412851
0.17979202
0.16706233
0.15849037
0.15998140
0.17029262
0.16821560
0.15302817
0.11665851
0.09198650
0.10669560
0.15071576
0.16280405
0.14326696
0.11833142
0.10295214
0.07475618
0.09276722
0.11323147
0.13134842
0.15224484
0.19390946
0.22463554
0.25092491
0.26891586
0.28084167
0.28935843
0.29692350
0.29973139
0.29635365
0.27568405
0.24978990
0.23167298
0.21480537
0.20294312
0.21044584
0.23461843
0.23860011
0.23798701
0.21617723
0.17491049
0.13466879
0.09555702
0.09241877
0.11640950
0.13345901
0.13303406
0.11331572
0.09308346
0.05993379
0.09287465
0.13798187
0.15995353
0.16099631
0.15277727
0.14503902
0.14465991
0.19493384
0.22343861
0.28116933
0.31524120
0.31934332
0.33510948
0.34407996
0.34285235
0.33180269
0.31712972
0.29354234
0.26360692
0.23752205
0.20946951
0.22245608
0.22456120
0.20581561
0.20229504
0.20657871
0.20408204
0.17458984
0.15442279
0.13753190
0.11066760
0.11073851
0.13620979
0.13335808
0.13008466
0.10830976
0.14077932
0.13547115
0.12923864
0.12664776
0.14104843
0.11975201
0.07844154
0.07373929
0.13807846
0.18051511
0.18835417
0.18260057
0.17168873
0.14295700
0.10203998
0.12799906
0.19954511
0.24776398
0.29869400
0.35401576
0.36348729
0.36715363
0.38515773
0.38281522
0.37277611
0.34968135
0.32275590
0.28287361
0.23583812
0.19257660
0.18515627
0.17763340
0.17464272
0.18174731
0.19230024
0.19753374
0.17948923
0.16614325
0.15721656
0.14440848
0.11714769
0.11890158
0.12330300
0.12985175
0.13390480
0.11784121
0.17160274
0.16908578
0.17118579
0.16896295
0.18403119
0.16077361
0.10434389
0.04623029
0.10720101
0.22328449
0.22934580
0.19249326
0.17264899
0.11922005
0.05027754
0.07402829
0.12426386
0.17913652
0.24705992
0.28474260
0.35918469
0.38039416
0.39663301
0.41585990
0.40193730
0.39590423
0.37344333
0.33853009
0.29255248
0.21817315
0.22432675
0.22696634
0.21744003
0.21231448
0.20117660
0.20549903
0.22851007
0.22396700
0.19550440
0.17412451
0.15214934
0.13039670
0.12139305
0.11711556
0.12227096
0.11880093
0.11065734
0.10314884
0.18638243
0.18986522
0.19323793
0.18788217
0.19072570
0.20480431
0.18998014
0.14832505
0.06886992
0.04836487
0.15285474
0.25986888
0.23833787
0.18749527
0.14802579
0.08189362
0.05945924
0.11915147
0.17551888
0.21463593
0.21347656
0.25412128
0.32987569
0.38245678
0.40917023
0.42861811
0.42936122
0.41436758
0.39280885
0.35508827
0.27845417
0.22347029
0.24019691
0.21763493
0.21693049
0.21982986
0.21497258
0.22816798
0.24663565
0.24212853
0.22004810
0.19385245
0.17775448
0.16775157
0.14190449
0.12418656
0.11259338
0.09521043
0.08680670
0.08989267
0.08976143
0.18258639
0.19660051
0.20298481
0.21832113
0.20583206
0.21034096
0.20383010
0.23266666
0.21740027
0.15032308
0.07612683
0.04547648
0.18626502
0.28161399
0.23921873
0.18059415
0.15826264
0.07086409
0.13507093
0.14566467
0.18036304
0.22729970
0.20633155
0.24856964
0.32695034
0.38613507
0.42599705
0.43130942
0.44674209
0.43457165
0.41889248
0.34855573
0.25072564
0.25144533
0.22966567
0.22568509
0.23704380
0.22397287
0.21648827
0.24416392
0.27841682
0.25426455
0.22185072
0.20629399
0.18530708
0.18286445
0.15496149
0.13244087
0.13329640
0.11686822
0.09699406
0.08879441
0.08300470
0.06691604
0.20907862
0.21365103
0.21941047
0.21459239
0.22245962
0.21452596
0.23868216
0.24155599
0.24089791
0.17432217
0.09739970
0.04539976
0.21005174
0.28325547
0.24782197
0.19888836
0.17708633
0.10287826
0.08088947
0.04247692
0.11064954
0.21582878
0.21782453
0.26160998
0.34231799
0.38711868
0.42473532
0.43652440
0.45501694
0.46258665
0.41328619
0.32654390
0.25780344
0.25073283
0.22880748
0.21820278
0.20876439
0.19220689
0.17617781
0.19429487
0.26845906
0.25545744
0.24297245
0.23174687
0.20195561
0.18034630
0.17336170
0.14206589
0.14055973
0.14526715
0.12672578
0.11192267
0.10229373
0.08366647
0.06696716
0.21909647
0.23079498
0.23142373
0.23876630
0.22899685
0.25314114
0.22835115
0.26643991
0.25287626
0.25443171
0.17811349
0.09639461
0.04059474
0.17858470
0.29014957
0.26388929
0.22559507
0.16957581
0.07786617
0.05011262
0.03365756
0.09515114
0.24210205
0.23300587
0.27323030
0.34500685
0.39847066
0.42392605
0.44403272
0.45746217
0.44707363
0.39302738
0.30966628
0.31412017
0.27144970
0.22751035
0.19987127
0.18332284
0.17945191
0.12577364
0.09430072
0.20610773
0.21041647
0.22038297
0.22541631
0.20922452
0.18889376
0.17368988
0.16856200
0.16063445
0.14972912
0.14011781
0.13708625
0.12476746
0.10040849
0.08098545
0.22442782
0.25077701
0.25098913
0.25513742
0.25018212
0.25569456
0.27499519
0.25501712
0.28660995
0.26812597
0.27850630
0.21060338
0.08706640
0.06361903
0.12395354
0.25972903
0.27600076
0.23710349
0.20235515
0.10116106
0.07015934
0.09172585
0.11762561
0.25018396
0.24069629
0.29081934
0.36009066
0.40049758
0.41278299
0.42391296
0.43235113
0.42601849
0.37842024
0.32754926
0.32554527
0.26968554
0.21258305
0.19530606
0.17072875
0.16714422
0.12184810
0.06716310
0.15571572
0.16540092
0.15996956
0.17078906
0.18561575
0.19592835
0.18413086
0.18386409
0.16914257
0.17306703
0.16471703
0.16875409
0.15229661
0.15420387
0.13093303
0.09868445
0.26010214
0.27491545
0.27730057
0.28024856
0.26422182
0.28235352
0.28895235
0.26543488
0.29711848
0.29100135
0.29817433
0.21525713
0.10073507
0.06970223
0.11214898
0.21771308
0.27460321
0.23674952
0.21302777
0.11797051
0.11677983
0.07181895
0.16158050
0.26188409
0.25012981
0.31757568
0.37732601
0.39825268
0.40976170
0.41994204
0.41139175
0.40878165
0.36775881
0.34297113
0.32490097
0.25941242
0.20733211
0.20076715
0.19994447
0.18745262
0.14155455
0.09248818
0.17168281
0.17913028
0.16773136
0.15452810
0.17341073
0.19019167
0.19795740
0.19766868
0.19624264
0.17220919
0.17073430
0.15618545
0.16261787
0.17787258
0.16843144
0.13652516
0.28773834
0.29704437
0.29938061
0.28499324
0.28750134
0.30230574
0.30078034
0.28872733
0.30851078
0.32105110
0.30820220
0.22705190
0.09683779
0.08406916
0.10673484
0.18303645
0.24349579
0.25316716
0.19732004
0.14347750
0.20102258
0.26572663
0.23686042
0.24599614
0.25082989
0.34808383
0.37589563
0.37562322
0.37601289
0.36584237
0.36879578
0.34091306
0.27351451
0.27078827
0.30875579
0.26720115
0.22120142
0.20587399
0.21691515
0.20795901
0.16479762
0.13152882
0.20861590
0.22023817
0.21359318
0.17114541
0.20221126
0.21661238
0.23465367
0.22962350
0.22928904
0.21001255
0.19452082
0.17377261
0.18247451
0.17711086
0.16801787
0.15781344
0.12652233
0.27525179
0.31762866
0.32237718
0.31911373
0.30046809
0.30664466
0.30938103
0.31372464
0.30409136
0.31381299
0.32983941
0.31579070
0.25558690
0.12200609
0.12684349
0.13314936
0.16774011
0.21339835
0.24812851
0.22783921
0.17155057
0.15576405
0.25385250
0.22634399
0.22274685
0.26316222
0.35781363
0.34621494
0.31490580
0.29355285
0.29626999
0.25486279
0.19346881
0.17179627
0.12748922
0.21238667
0.22968529
0.22430185
0.23515065
0.24999003
0.24544690
0.19142281
0.14458737
0.23958855
0.25723969
0.24785235
0.20396212
0.20151802
0.25510721
0.27674218
0.26928057
0.24891644
0.24206957
0.22733285
0.20321724
0.21320963
0.20659171
0.18868373
0.17574591
0.15961078
0.29395247
0.33818425
0.33790422
0.32956211
0.30882858
0.32889483
0.32240887
0.32474576
0.32630524
0.32952249
0.35104267
0.34038171
0.27619289
0.16543720
0.13355199
0.16070638
0.18898810
0.18589580
0.20848474
0.24698403
0.20200793
0.18473386
0.19294707
0.22979082
0.23912026
0.30266052
0.30023406
0.25008768
0.22823440
0.23121777
0.22968615
0.21506756
0.17495311
0.17426032
0.22467794
0.15955564
0.21482325
0.22073987
0.24931327
0.28004618
0.26573411
0.22060053
0.15640189
0.28268600
0.28865807
0.28167502
0.23492480
0.21014791
0.26279118
0.29412807
0.29439337
0.27594479
0.28369534
0.26677295
0.24489742
0.24704074
0.23071902
0.20045039
0.18810757
0.16345954
0.30733785
0.35041080
0.34063017
0.33839666
0.31873456
0.34131979
0.33704764
0.33192069
0.34518386
0.35120355
0.35578076
0.36695527
0.30840335
0.21736488
0.15222164
0.18167482
0.21696741
0.20020308
0.16957001
0.18642344
0.20289063
0.22965295
0.23244613
0.25452430
0.24302088
0.24334908
0.20397606
0.19690618
0.20436620
0.20004686
0.25568912
0.25233825
0.16041137
0.05153966
0.27713206
0.20775948
0.22340645
0.24985356
0.25978899
0.31198992
0.30210402
0.24869696
0.18543039
0.30891860
0.33291345
0.31379738
0.26443949
0.21658593
0.24196308
0.30385716
0.30295637
0.28663037
0.28209916
0.27059370
0.27297304
0.24137034
0.24129450
0.22340417
0.19454663
0.17029376
0.32690661
0.35044560
0.34648357
0.34663064
0.32656188
0.34486238
0.33914151
0.35098281
0.36503119
0.36720677
0.37491290
0.38736432
0.34766485
0.29282978
0.25865769
0.26532499
0.24627448
0.23551729
0.18601076
0.15095701
0.15772501
0.18229659
0.20349761
0.19103719
0.18169891
0.17991923
0.19071903
0.19701088
0.19842237
0.23279037
0.26326654
0.24743047
0.16950310
0.01819138
0.21053315
0.26055410
0.26780029
0.27512340
0.28640992
0.31324226
0.34559273
0.28695477
0.21604206
0.30830428
0.35426823
0.35228169
0.29097314
0.21638486
0.23018379
0.28682588
0.30140152
0.29366261
0.29378576
0.29706894
0.29373505
0.27391014
0.24924750
0.22739567
0.19558108
0.15731289
0.34521388
0.35223655
0.35580772
0.35273800
0.33197982
0.35179847
0.34557207
0.35724941
0.37084649
0.38686393
0.38211433
0.39511518
0.37853293
0.30398117
0.26237991
0.22307427
0.20699126
0.23476227
0.23797150
0.18890586
0.14366395
0.15426338
0.16285781
0.17600590
0.19691378
0.20853229
0.22738113
0.26137586
0.28143879
0.30593028
0.31066808
0.24893304
0.19223910
0.04648149
0.10734611
0.24861753
0.28217434
0.28479171
0.30441348
0.32516229
0.36278652
0.32445922
0.24002955
0.29850181
0.35697772
0.38484469
0.31193369
0.22562465
0.21289928
0.26934531
0.29844596
0.29413806
0.30114988
0.31835969
0.31571252
0.30912442
0.29213886
0.23258935
0.19707430
0.15181016
0.29595995
0.34823986
0.36201746
0.35889942
0.36043080
0.35006145
0.34624230
0.36477601
0.37621443
0.36524749
0.38863752
0.38985221
0.39802752
0.39810421
0.39604391
0.32321640
0.27184213
0.28364465
0.24981102
0.30266372
0.29950545
0.23357303
0.20665037
0.26101714
0.31254885
0.32159553
0.31255885
0.33984527
0.36796868
0.38518259
0.39883246
0.40056596
0.32959094
0.25512722
0.19516547
0.08517457
0.12172403
0.26629567
0.29408281
0.29625555
0.31849650
0.33149330
0.34442159
0.25489537
0.26972123
0.35690382
0.38958685
0.33695898
0.23218749
0.20301375
0.24924332
0.31863644
0.31106214
0.30984162
0.30778824
0.33291488
0.31408276
0.28451667
0.25152046
0.22115864
0.15617523
0.21226294
0.29878926
0.34553128
0.36437280
0.37158469
0.37073956
0.36516320
0.36620650
0.37900513
0.39584516
0.38828277
0.40276605
0.40369908
0.40987761
0.40932778
0.41085820
0.41264818
0.41147301
0.36741193
0.35603118
0.37039456
0.39879100
0.36979286
0.34546058
0.38545265
0.45525648
0.45996983
0.43505796
0.46013482
0.46212808
0.47365021
0.47461312
0.50373879
0.42036492
0.32835468
0.27793176
0.18779329
0.09973326
0.22923639
0.27281847
0.27022611
0.26830564
0.29970949
0.35668512
0.26001936
0.25878525
0.36854773
0.39308419
0.36394515
0.24741256
0.21138851
0.24095040
0.31687795
0.31231235
0.32765872
0.33629260
0.32629021
0.30185968
0.28702950
0.23838052
0.20925678
0.16262903
0.10669737
0.21352207
0.29499472
0.33870152
0.36035716
0.37663634
0.38273923
0.37855468
0.38072426
0.39514683
0.39969722
0.40319381
0.40738924
0.40663226
0.40507215
0.40832280
0.40774962
0.43184077
0.43291902
0.40033013
0.37133792
0.39338246
0.44222700
0.41440128
0.38708757
0.39416727
0.41244436
0.41525895
0.43127123
0.44273643
0.44566828
0.46792522
0.50727603
0.72765002
0.48835253
0.36430631
0.29558330
0.22140095
0.13395142
0.22048485
0.28190014
0.26870317
0.26269964
0.32295822
0.34670268
0.28565463
0.25431495
0.37808336
0.42325982
0.36290096
0.24937320
0.21748358
0.26580126
0.31818812
0.33820497
0.33232782
0.33744088
0.33794297
0.28002089
0.27805568
0.23236260
0.19679427
0.17241061
0.10950302
0.19851547
0.29386006
0.34440201
0.37517401
0.39267707
0.38352915
0.39849208
0.39379154
0.40081858
0.39504024
0.41343039
0.41390685
0.40804597
0.40981260
0.40933342
0.41754708
0.42831562
0.37849139
0.38508591
0.33157874
0.37394342
0.43277605
0.41695908
0.38426030
0.40145332
0.42528217
0.44566665
0.43626730
0.44470547
0.47581707
0.47791349
0.49188399
0.51391331
0.43685643
0.36154439
0.29740946
0.16486899
0.15935039
0.29055068
0.33680732
0.32380053
0.29760512
0.33779167
0.33571430
0.29708838
0.25168504
0.38685598
0.42617391
0.37135216
0.25728432
0.24373808
0.26169709
0.30920287
0.33382804
0.31112293
0.32265539
0.31441748
0.29140417
0.24285559
0.22601435
0.20876071
0.20333963
0.10839384
0.19663240
0.26875882
0.34701752
0.38619343
0.40334152
0.38678384
0.39755025
0.39861191
0.40737462
0.39913275
0.41814357
0.40917903
0.40005431
0.40673815
0.41867647
0.41749203
0.39276131
0.32024017
0.28479837
0.28326673
0.32568527
0.36382319
0.35867592
0.33580169
0.35361890
0.37873269
0.36350216
0.35747932
0.35860485
0.40447279
0.41485216
0.41922593
0.43339820
0.37880291
0.31918802
0.15676509
0.14935146
0.28288650
0.32732475
0.32062300
0.32449856
0.31111169
0.35359681
0.33901628
0.28957243
0.25634071
0.36533678
0.40043848
0.35931980
0.25899334
0.25173494
0.27313145
0.32224755
0.34187328
0.30256601
0.31216066
0.28695549
0.28668655
0.24768427
0.23937308
0.23720385
0.21447108
0.09791066
0.19963691
0.29315285
0.34555991
0.37698265
0.39502576
0.38989112
0.39635732
0.39783462
0.41061600
0.40739730
0.41640896
0.40969305
0.40641455
0.40946900
0.41873006
0.38328897
0.32738138
0.30103477
0.30910507
0.29674167
0.31525443
0.30352351
0.27024972
0.24570765
0.23707446
0.26246871
0.29021770
0.30303290
0.29530881
0.29823266
0.30587279
0.34112954
0.37906280
0.33629921
0.26836078
0.04912134
0.14002242
0.34984365
0.30220241
0.29248301
0.28700485
0.29398539
0.34073960
0.32588316
0.27649829
0.22904826
0.33889919
0.35256417
0.33564883
0.26934631
0.24625635
0.27491795
0.33372559
0.35241437
0.31585987
0.30734573
0.27871659
0.25063797
0.22964939
0.22775243
0.21951584
0.18472305
0.16900416
0.09531149
0.21187885
0.31561565
0.35463661
0.37748362
0.39162317
0.38839750
0.39160950
0.39517049
0.39442717
0.39949967
0.41701987
0.40906966
0.41148693
0.42484080
0.41600814
0.36671441
0.33442977
0.28899234
0.24959513
0.29497226
0.29077904
0.24926572
0.22112132
0.21517447
0.21335411
0.21675621
0.22360690
0.26064584
0.28082205
0.29203047
0.28148541
0.28127094
0.33847543
0.34763085
0.26312087
0.04748212
0.16420021
0.37115169
0.27418034
0.27277475
0.26790527
0.28655669
0.31860617
0.33539870
0.27205472
0.22866390
0.31369067
0.31919655
0.31267336
0.26177687
0.23320666
0.27297692
0.31643442
0.29909075
0.30307558
0.30019742
0.25854978
0.23353671
0.25440472
0.24464775
0.22637503
0.21107603
0.16047470
0.22109830
0.32706712
0.35329918
0.37431694
0.39234249
0.38406031
0.38562413
0.39334301
0.38148104
0.40133333
0.41260730
0.41025778
0.40879445
0.42121291
0.41516430
0.38679371
0.35357960
0.27135224
0.24044334
0.26930923
0.24966113
0.22425604
0.21709070
0.22938742
0.30384547
0.32335996
0.28406451
0.27773409
0.27846842
0.28460999
0.30718156
0.30585356
0.29120256
0.32072369
0.29959758
0.19855749
0.21188373
0.28006995
0.25079021
0.30258755
0.26700581
0.27365341
0.31436092
0.31916958
0.25997141
0.20174061
0.27171714
0.29249543
0.28227420
0.25021566
0.20657285
0.24815789
0.26277334
0.28702078
0.28296566
0.26245973
0.23274567
0.23431580
0.26658666
0.24055457
0.21880735
0.18211517
0.22019445
0.31127945
0.34958027
0.36950058
0.38786647
0.38144478
0.38507809
0.38528639
0.38067146
0.39749574
0.41187792
0.40345309
0.40635437
0.41092229
0.40462445
0.38149451
0.24895707
0.20557555
0.19348613
0.22944127
0.22249681
0.24331550
0.24037603
0.23511706
0.25903466
0.26492295
0.26793051
0.28661423
0.35834463
0.32842296
0.31510728
0.32060256
0.33958155
0.32572994
0.30713366
0.28368166
0.25364967
0.21504999
0.33741986
0.33852630
0.29674884
0.26606884
0.29145541
0.30693758
0.24999544
0.20323063
0.21620023
0.25694821
0.25254736
0.21870536
0.20417206
0.25950093
0.26932830
0.27367005
0.27191598
0.26059529
0.24163616
0.25926102
0.26620458
0.23028150
0.18989685
0.15968841
0.19954277
0.29131417
0.35026300
0.36288585
0.38284901
0.37717415
0.37667670
0.38442694
0.39424359
0.40065358
0.41726011
0.41173018
0.40319675
0.40967716
0.40294564
0.38999507
0.20623174
0.14532910
0.16309889
0.19220720
0.23071022
0.25667852
0.20659900
0.20435604
0.19888986
0.28721833
0.25507563
0.25315933
0.36269725
0.42094894
0.40621276
0.38568240
0.39611036
0.41508034
0.40872001
0.38400285
0.36488787
0.39174257
0.40059013
0.35348416
0.31438696
0.26363811
0.27766353
0.27446043
0.24258731
0.17767483
0.16756934
0.23907654
0.23209723
0.23349809
0.24842146
0.27856545
0.28035699
0.26918510
0.26473141
0.25859440
0.22166615
0.23359739
0.20373650
0.18716367
0.16383206
0.13088356
0.27703523
0.33143463
0.35559053
0.37771767
0.37399269
0.37166222
0.37938697
0.38074106
0.38584915
0.41091710
0.42487065
0.40862293
0.39912617
0.38688454
0.35108211
0.20025798
0.12304722
0.12384639
0.16776652
0.24773553
0.24746075
0.19307094
0.15458333
0.24598117
0.27075139
0.26922896
0.26670186
0.30170111
0.42003845
0.45530503
0.44555116
0.44131957
0.47258357
0.47578234
0.47836437
0.45870566
0.42768418
0.41006706
0.36886528
0.29771557
0.25910649
0.25997077
0.26137693
0.23525587
0.16781738
0.13068079
0.24514963
0.26261349
0.29527673
0.31867692
0.32577683
0.29413436
0.28354072
0.26287267
0.24153009
0.22120731
0.20520586
0.18443334
0.15489727
0.13681319
0.24649717
0.32036321
0.34886347
0.37599755
0.38295819
0.37289619
0.36987051
0.37177152
0.38240453
0.39079363
0.38935981
0.40057777
0.39259032
0.38086755
0.33098878
0.19120352
0.10383770
0.11183019
0.15459168
0.27312253
0.23952560
0.17364489
0.17741031
0.24958896
0.22186891
0.26260736
0.27278511
0.29800061
0.38628989
0.44934229
0.46453549
0.48341679
0.49119898
0.49148667
0.48539516
0.47928901
0.44257474
0.42302526
0.38165370
0.30267272
0.24619785
0.26778710
0.24726787
0.23057302
0.17308527
0.15631029
0.30382279
0.34355724
0.34350303
0.31560692
0.31191969
0.28540233
0.26526520
0.25074107
0.22801843
0.20842760
0.19050678
0.16862363
0.14777893
0.14417744
0.22631281
0.30316790
0.34944854
0.37199470
0.37891753
0.38210968
0.37362273
0.38112501
0.37855106
0.38282505
0.37028892
0.38132860
0.37999862
0.37596815
0.33751193
0.19766773
0.10118835
0.10746512
0.16815398
0.29534168
0.26627104
0.16975186
0.18373215
0.08103909
0.07652197
0.20694257
0.30510207
0.28014471
0.34118249
0.41487589
0.45255571
0.48369412
0.49974374
0.52065088
0.50949840
0.49141362
0.43282996
0.41002499
0.38241998
0.33332932
0.28585678
0.26011245
0.23277158
0.23563835
0.20260244
0.22360167
0.37018877
0.38046206
0.34331291
0.30950168
0.28854955
0.28202742
0.25216179
0.23245736
0.22019726
0.18374737
0.17236282
0.17121511
0.15735311
0.27984534
0.34808363
0.38215403
0.38295644
0.38576927
0.37359437
0.36326173
0.36530065
0.37679526
0.37722810
0.37850457
0.38257536
0.36699527
0.35890822
0.24989905
0.11073067
0.08251500
0.18858460
0.31661549
0.31221003
0.14062587
0.09671759
0.11457244
0.04534175
0.15618867
0.28365727
0.28242034
0.32593979
0.39512537
0.45216320
0.48930746
0.51251094
0.53354184
0.53633211
0.50821597
0.45784692
0.38628158
0.36995849
0.33010265
0.29040152
0.26778644
0.27302022
0.27342416
0.24290870
0.30532849
0.36403910
0.34694366
0.29764428
0.30366963
0.26579648
0.24896758
0.23691649
0.22092550
0.20415847
0.19290599
0.19537765
0.18218383
0.24452381
0.33342826
0.36851474
0.37558600
0.37225391
0.36586967
0.36441018
0.35292815
0.37906947
0.37352273
0.37125927
0.37507527
0.36200718
0.34326567
0.25395157
0.13240036
0.07309064
0.20948672
0.32667609
0.32908919
0.17820485
0.09750936
0.06929333
0.05128287
0.12468880
0.28079384
0.29032036
0.31430381
0.39011309
0.44731863
0.48359874
0.50928031
0.51464952
0.52966547
0.51991552
0.48207505
0.41116491
0.33859947
0.33884145
0.33089693
0.28706798
0.29685290
0.28018031
0.26411596
0.29559365
0.31678784
0.30435046
0.29658023
0.30356799
0.25929524
0.22252336
0.22031084
0.21146263
0.21520526
0.20459134
0.20046083
0.18856315
0.27838846
0.33280150
0.33753876
0.34714137
0.35333673
0.34870190
0.34490273
0.36663185
0.37036278
0.35413498
0.35258919
0.35415995
0.33352243
0.25359648
0.13959808
0.08825276
0.21965384
0.30981517
0.30491648
0.20558586
0.14460976
0.12900114
0.08384793
0.18369995
0.31290856
0.30020323
0.33753412
0.40188205
0.43630138
0.47383961
0.48698218
0.51827028
0.55056720
0.53004762
0.49215077
0.44131408
0.36448517
0.29833469
0.32280525
0.31778897
0.28498618
0.28269931
0.26652906
0.26905664
0.30430539
0.33408749
0.30924414
0.25246598
0.21287216
0.21817290
0.22275332
0.22052526
0.22189099
0.21440556
0.18856940
0.28760085
0.30581098
0.31869856
0.32716905
0.31757586
0.32449776
0.31774532
0.33351744
0.32524400
0.31675507
0.33444865
0.32416493
0.23280609
0.14703452
0.08675725
0.18818834
0.29766989
0.30537469
0.22037127
0.10889799
0.18329727
0.21161895
0.25294236
0.31808823
0.30372099
0.35497405
0.40979466
0.43222995
0.47562548
0.48868853
0.50493375
0.52518311
0.50539729
0.48762145
0.45064760
0.39149546
0.30751546
0.30173443
0.33615451
0.28629055
0.28428017
0.28106361
0.28161891
0.32089008
0.32672751
0.26802106
0.21811741
0.21599426
0.21340586
0.20904495
0.21363713
0.21238076
0.18225001
0.24205111
0.27808102
0.29313173
0.30539102
0.29442852
0.29690884
0.29848795
0.30805388
0.32583819
0.32678724
0.33474244
0.31972536
0.24623206
0.16603948
0.08685223
0.13882712
0.27575482
0.30230393
0.24546999
0.14038642
0.08628735
0.16898155
0.21447994
0.27769620
0.30669837
0.36900638
0.41853242
0.44729722
0.46974021
0.48738279
0.49822021
0.50415580
0.48168905
0.46973320
0.43145532
0.38927080
0.33587058
0.28327709
0.32267337
0.32003804
0.30735280
0.29870788
0.29588423
0.29249936
0.25984894
0.22877191
0.20986778
0.19553294
0.17984342
0.21472727
0.20538054
0.18479897
0.27220471
0.28293002
0.29408126
0.28414689
0.29083642
0.29094829
0.30368023
0.31079917
0.31862836
0.31993003
0.27074663
0.16393409
0.09695356
0.11186832
0.23932445
0.29658676
0.27398022
0.19668541
0.13087970
0.11283537
0.16204722
0.24097100
0.32210974
0.36529735
0.42289146
0.46908682
0.48155827
0.47380449
0.48496358
0.46873235
0.45225098
0.43339912
0.40995732
0.37473620
0.33965661
0.31087473
0.28917119
0.33394187
0.34205468
0.31078859
0.29754926
0.26603148
0.22487419
0.20375432
0.18347835
0.19764006
0.20022364
0.18929325
0.15954149
0.26601198
0.26758849
0.27806029
0.27522205
0.27713588
0.28713863
0.28752879
0.28610797
0.28832255
0.27244275
0.21984116
0.13214380
0.09577342
0.18268703
0.25147552
0.26566426
0.25475365
0.22666970
0.20520920
0.20891077
0.25462587
0.30196894
0.35806986
0.41289861
0.46502828
0.46322817
0.45344415
0.45735840
0.45670430
0.43933196
0.41192465
0.39153382
0.35327078
0.32063654
0.30367794
0.29249791
0.31070087
0.30846478
0.29237821
0.27311851
0.22496985
0.19158625
0.22776112
0.21438683
0.19781904
0.18378318
0.14814683
0.23489418
0.23473026
0.23769144
0.23646600
0.24033871
0.24136990
0.24083243
0.23395384
0.21608194
0.15691852
0.09274751
0.09952667
0.16815834
0.19906695
0.22565673
0.22833367
0.23139108
0.23657458
0.26084091
0.31790189
0.34373363
0.38877373
0.41787092
0.43526243
0.42740928
0.40152328
0.40475699
0.38965967
0.36565751
0.33775060
0.29295576
0.26224173
0.23569395
0.22157732
0.21470781
0.21756571
0.23372668
0.25505672
0.26043703
0.24440454
0.22897904
0.19474018
0.15729811
0.13208970
0.19770187
0.20129725
0.19609917
0.18718567
0.19979506
0.20135372
0.21810733
0.21875896
0.20341327
0.14788210
0.08749362
0.11874226
0.11631167
0.15890897
0.18979044
0.20414824
0.23278782
0.26137355
0.30561286
0.33372570
0.34256723
0.36903640
0.37865886
0.38107517
0.36554907
0.34687086
0.32762315
0.30145418
0.26860926
0.23635082
0.21233515
0.20925551
0.22967755
0.25036730
0.25962465
0.25639184
0.23745820
0.21110094
0.17218360
0.14764636
0.15687502
0.16577047
0.17226702
0.17163664
0.17689887
0.15420489
0.11976705
0.11137219
0.11398495
0.13599610
0.16500867
0.21749976
0.25721545
0.29333847
0.28881034
0.30107862
0.30931295
0.31748962
0.32440509
0.31600565
0.29452538
0.24007351
0.21934961
0.19553651
0.18068886
0.18689709
0.18036318
0.17929358
0.17099171
0.15912088
0.14070266
0.13230012
0.16727639
0.18035154
0.21108790
0.23734068
0.24761037
0.25011513
0.25140509
0.25547438
