0.44686454
0.45277416
0.44231899
0.43266433
0.46455666
0.48607446
0.49828679
0.47091340
0.26332876
0.31807063
0.39287157
0.47314158
0.51253511
0.53069218
0.54436270
0.56508832
0.59728917
0.58366271
0.56341611
0.51897908
0.50493125
0.46372308
0.25632459
0.22609226
0.20041970
0.20714036
0.20428937
0.21569063
0.11487546
0.11879593
0.10315063
0.14691188
0.21621296
0.28510097
0.31095861
0.32881556
0.35274426
0.46026010
0.52318444
0.58876097
0.59419543
0.62167958
0.64118791
0.63534209
0.62334916
0.58076299
0.55272768
0.51703395
0.46810292
0.46487599
0.32661913
0.34397368
0.33813253
0.31629662
0.32280725
0.30905588
0.31768125
0.30158499
0.27025788
0.24736738
0.22210965
0.21148134
0.20471351
0.21572410
0.23631068
0.25015228
0.26861320
0.26059376
0.15614280
0.14179776
0.11982043
0.16488557
0.19721987
0.24717504
0.26720291
0.27691401
0.25409222
0.30031145
0.45997796
0.52121699
0.58797567
0.63083894
0.65608234
0.66113633
0.66425307
0.64569419
0.64864565
0.61719659
0.55711900
0.54096817
0.53736650
0.51929713
0.48670714
0.45742866
0.43848507
0.42981827
0.41800615
0.41392343
0.40826884
0.41414960
0.39438724
0.38751868
0.37814372
0.34721732
0.32201868
0.28408735
0.26175218
0.25248128
0.24204576
0.30934062
0.29112363
0.27246642
0.26453128
0.28809802
0.33110316
0.32780905
0.30938280
0.29146268
0.27883565
0.16954616
0.15709610
0.18689577
0.24480034
0.24676650
0.23349552
0.20367478
0.17288210
0.13902759
0.25193742
0.44136085
0.53474921
0.60196428
0.67429940
0.76069630
0.74021834
0.71467878
0.67127253
0.67363991
0.63371587
0.62766088
0.61416864
0.60953222
0.60113487
0.57084128
0.55224095
0.53550425
0.52426427
0.50103390
0.49523618
0.51414132
0.48778150
0.46917405
0.47237066
0.46867128
0.46753011
0.42600648
0.35399388
0.32426538
0.31260363
0.29465334
0.25302303
0.34701560
0.36996100
0.35216914
0.37592018
0.37344206
0.38499782
0.40168553
0.38769720
0.38499276
0.37508129
0.35326715
0.26906200
0.14982984
0.16187107
0.22067134
0.35701085
0.31197154
0.17392079
0.14313444
0.07089085
0.13721478
0.24227632
0.38318123
0.50959885
0.61420925
0.67840858
0.75380341
0.73190597
0.72714350
0.71767388
0.68476328
0.66700330
0.67467030
0.66653754
0.64762588
0.64909175
0.65328398
0.61778323
0.59431819
0.56905499
0.53234468
0.55700069
0.56972220
0.56479419
0.51086314
0.42729727
0.37453163
0.38983200
0.39851749
0.37634330
0.37467725
0.34295765
0.33675894
0.28969071
0.26380577
0.24895220
0.37361550
0.39369415
0.42756842
0.41042923
0.42951052
0.42988023
0.42860935
0.44374644
0.43359190
0.42034177
0.42286027
0.37429086
0.23872023
0.16846629
0.15747338
0.26693708
0.39322280
0.31537375
0.23794120
0.11000576
0.09790057
0.33911708
0.33543457
0.37612275
0.47343409
0.58986341
0.62850683
0.73291925
0.71961192
0.73247833
0.70674971
0.69178285
0.70364075
0.74262612
0.70347552
0.70899417
0.71046609
0.68940099
0.67290292
0.62752186
0.58355617
0.56925113
0.57464572
0.51228487
0.43644616
0.37607157
0.37111988
0.39453317
0.40198823
0.42145559
0.39656381
0.41307528
0.38023183
0.37539972
0.36176830
0.34066599
0.30049357
0.27385691
0.25138205
0.41188639
0.41842200
0.43630854
0.42633929
0.41455276
0.45184687
0.47649745
0.45782457
0.44439885
0.46254250
0.45660627
0.43633701
0.38608069
0.28661790
0.22659730
0.16283372
0.30346959
0.43010869
0.28626218
0.27142386
0.09255691
0.28927525
0.43610340
0.43273768
0.46046218
0.44654324
0.56765929
0.57542181
0.65307775
0.67605732
0.69313506
0.67436508
0.68314319
0.71228499
0.71924193
0.70472643
0.73566082
0.72429734
0.69115713
0.69258650
0.66888000
0.63146756
0.60550439
0.52742965
0.46572038
0.42258130
0.40828447
0.41335120
0.39932456
0.41686220
0.44153039
0.46594843
0.44982400
0.44722457
0.40732523
0.37991780
0.37061242
0.34885923
0.31206505
0.30872415
0.30003578
0.44664252
0.44355180
0.47238445
0.45191729
0.44318534
0.43847400
0.46601371
0.48486487
0.46094258
0.45134399
0.47205158
0.51345603
0.48742753
0.44050282
0.30246083
0.27842537
0.15882254
0.31199475
0.45758224
0.31457576
0.24191096
0.09640675
0.23096379
0.40224104
0.47175157
0.49860128
0.48712245
0.52348381
0.55750268
0.62706360
0.66396346
0.66091773
0.66929690
0.69000924
0.70977274
0.73321343
0.75757520
0.74956556
0.74949066
0.72037170
0.71463624
0.66904517
0.63927889
0.55012173
0.50377732
0.44775593
0.43193013
0.42965784
0.43842971
0.42766946
0.43632368
0.46837751
0.51147268
0.49449575
0.46403455
0.43087261
0.39740351
0.39523929
0.37862943
0.36354732
0.34559347
0.32671417
0.46405373
0.46565424
0.46890600
0.48391752
0.49899102
0.47162264
0.47388193
0.47474434
0.49794683
0.47609471
0.47728853
0.48154509
0.51889798
0.52938229
0.50328953
0.41809729
0.34510460
0.15425279
0.36541125
0.52136065
0.35230832
0.20597764
0.07057772
0.14327939
0.19161748
0.41158720
0.46510464
0.49831842
0.52768490
0.58171877
0.64435562
0.69235679
0.64166459
0.66865259
0.69786644
0.71903377
0.74113607
0.76380951
0.76361927
0.79010521
0.74763434
0.73327143
0.67278359
0.61527458
0.56019589
0.47669910
0.44160792
0.45592004
0.49004624
0.47990805
0.42507792
0.43196275
0.51861605
0.53712310
0.50251423
0.46754569
0.46316030
0.44027509
0.39926169
0.37205701
0.35593159
0.34532160
0.33405566
0.34615264
0.49231250
0.49098066
0.49040676
0.48859405
0.51568973
0.52014508
0.51976369
0.53748492
0.47853319
0.49959983
0.51147625
0.48943514
0.51153250
0.53221454
0.55840885
0.49737396
0.43244791
0.31001667
0.15344843
0.32520629
0.56139926
0.41723858
0.19016258
0.07785583
0.04881311
0.16947412
0.36686606
0.53915162
0.55597358
0.56791872
0.59273706
0.62034449
0.67777792
0.62081010
0.67737786
0.71386096
0.74772670
0.77515958
0.81677382
0.80668600
0.80501575
0.76638646
0.74336688
0.67236625
0.57861041
0.53273525
0.45938961
0.46492609
0.49174165
0.51079545
0.49728454
0.39405120
0.40101796
0.55811413
0.53825399
0.51290460
0.51318399
0.52216112
0.48783796
0.45096860
0.39925436
0.38894440
0.40839300
0.36821659
0.35128728
0.51325403
0.52314728
0.52441545
0.54052945
0.54813187
0.54771729
0.51775025
0.54427461
0.56491056
0.52583695
0.52355438
0.54223080
0.54911806
0.57465412
0.55962212
0.54374862
0.49996651
0.41869384
0.27670106
0.17090066
0.22613578
0.54299619
0.43840581
0.20880045
0.19875818
0.06797601
0.19247654
0.46899152
0.48571477
0.51971198
0.57967663
0.59723329
0.61379594
0.61039592
0.67613756
0.71348947
0.73795168
0.81832463
0.84038234
0.85112556
0.83278922
0.78346917
0.74872327
0.73476955
0.65208741
0.53187663
0.48798273
0.46664257
0.53234133
0.51559543
0.51617612
0.44374348
0.27361323
0.26854719
0.49855605
0.45787842
0.46058892
0.48191035
0.48893224
0.45985604
0.45056790
0.43111670
0.42278392
0.41762161
0.40998046
0.41535441
0.38193343
0.53624301
0.55458050
0.54499078
0.57168428
0.57058377
0.55273800
0.55072931
0.57936934
0.58058192
0.55088180
0.55495288
0.56723691
0.57231283
0.57222778
0.60816060
0.61186368
0.57305049
0.45133510
0.23054387
0.14192125
0.17580245
0.43626615
0.38895970
0.25103258
0.11122290
0.20141122
0.35706833
0.59399200
0.50632784
0.49524984
0.60378149
0.60938206
0.61665461
0.63910804
0.71488081
0.72903408
0.73027669
0.80355002
0.84073363
0.83900514
0.80033935
0.76162670
0.73428607
0.70693853
0.63943746
0.55963549
0.50189776
0.47390492
0.49932192
0.51782054
0.53253141
0.40288516
0.24160056
0.17174344
0.38428332
0.42765467
0.39361810
0.41044819
0.43849706
0.43040265
0.45749293
0.45650336
0.46583238
0.47262954
0.48413190
0.42152349
0.44016135
0.38562992
0.54920352
0.57106831
0.58877792
0.60020356
0.58912371
0.59998048
0.57182489
0.57044819
0.58493185
0.58232775
0.53681091
0.54910758
0.59736727
0.61733462
0.63193428
0.62901981
0.64754064
0.60270499
0.43604243
0.22553494
0.12732156
0.17167867
0.36507165
0.34125912
0.27837502
0.27533852
0.58933347
0.78867561
0.60036204
0.51301034
0.48551710
0.57668619
0.62130867
0.63881498
0.72351055
0.75800699
0.76675054
0.78732334
0.80193082
0.80133327
0.81847870
0.78655312
0.77166630
0.75582988
0.67642477
0.60273211
0.55460312
0.50483109
0.50755097
0.48879437
0.51360149
0.51336652
0.38484532
0.27580980
0.21992647
0.38490850
0.39647733
0.38663914
0.37660856
0.40875376
0.42665521
0.43147513
0.48190633
0.49925765
0.50860069
0.51765626
0.49189252
0.45818000
0.44762455
0.40742038
0.58806368
0.60383944
0.60063676
0.58909296
0.58278880
0.62168826
0.59811363
0.61835989
0.60512610
0.60912908
0.58441815
0.59984676
0.62186230
0.63743794
0.64486480
0.66144098
0.65711245
0.61200555
0.38568674
0.21613128
0.13740157
0.12489632
0.30041488
0.35096983
0.30451513
0.26712718
0.68453267
0.69998198
0.49792399
0.47908854
0.47967787
0.54878212
0.64314790
0.64595710
0.71646787
0.73485328
0.73938805
0.75041868
0.76226536
0.77777721
0.76455787
0.76474983
0.78084508
0.74091203
0.67505052
0.61115054
0.53075608
0.52717371
0.54170681
0.52656231
0.55122442
0.50117325
0.35844122
0.29278747
0.25657621
0.41689213
0.41855739
0.42149445
0.36971599
0.38736752
0.41835270
0.47067467
0.49690997
0.55440153
0.56070421
0.59530915
0.55149470
0.53191849
0.48757030
0.43291592
0.43830522
0.62335757
0.63061532
0.62508537
0.62634260
0.61665674
0.61291105
0.62479723
0.61874067
0.63129398
0.60756731
0.61587530
0.60588434
0.61626750
0.63509613
0.68080751
0.66810395
0.67778485
0.64342702
0.62874743
0.42909831
0.23798696
0.18525149
0.13374182
0.22529751
0.40771185
0.27582453
0.27264788
0.49119071
0.51952967
0.45750965
0.46544075
0.48951279
0.57949666
0.66915592
0.64712638
0.62128973
0.63430539
0.65246300
0.68085769
0.70408332
0.70234456
0.63897119
0.50701023
0.48048893
0.63391792
0.69930080
0.62365955
0.53427439
0.51407356
0.49750715
0.56096753
0.58897022
0.48278003
0.35723095
0.28198352
0.28758070
0.45453141
0.42632254
0.46481085
0.42275799
0.36137138
0.39443153
0.49803293
0.54197628
0.60526677
0.65313749
0.60698797
0.59009509
0.56889468
0.54207778
0.51682749
0.51762166
0.64882237
0.65142273
0.64997294
0.64601836
0.63635913
0.62586910
0.67024424
0.65273848
0.61814288
0.63670383
0.64029741
0.60702112
0.61976082
0.64231713
0.69082663
0.72615789
0.71614954
0.68058681
0.67515685
0.48903018
0.27197106
0.23587488
0.22195992
0.18199748
0.38263332
0.32021909
0.36696372
0.35209910
0.61239148
0.50138612
0.51779389
0.50875395
0.56539075
0.52112751
0.49163844
0.50975231
0.50080293
0.54237954
0.59761948
0.55322683
0.41160716
0.31522676
0.28514656
0.22467422
0.21353661
0.59971104
0.56391998
0.53037787
0.49862955
0.55585927
0.59378599
0.58490516
0.48630228
0.37823776
0.29933862
0.29197769
0.48266527
0.46480634
0.47688778
0.44731056
0.35325871
0.33152550
0.46189994
0.60238345
0.67754387
0.67128490
0.61710863
0.62959246
0.66186569
0.60266420
0.55574133
0.53690630
0.65599952
0.67340319
0.68008754
0.66054635
0.66269801
0.63528899
0.67532351
0.67289358
0.67123058
0.65953385
0.63966786
0.64578666
0.65611464
0.68846720
0.69084576
0.73405816
0.75627789
0.72652070
0.71186725
0.54312233
0.31800471
0.25562978
0.30040840
0.21954351
0.27383180
0.36021111
0.38770058
0.52313914
0.40881097
0.56811894
0.46720621
0.46424040
0.46281813
0.42779999
0.41330475
0.42960493
0.45060647
0.43695130
0.39096304
0.36305798
0.35925308
0.33061983
0.31526600
0.35207709
0.22355520
0.45900736
0.51747916
0.49906536
0.53082499
0.59648928
0.65217436
0.61809395
0.50041422
0.40051549
0.32197944
0.28159187
0.46648481
0.55242260
0.59790742
0.51593920
0.38027745
0.29783564
0.42534396
0.60385086
0.67754732
0.65333112
0.62050605
0.62584188
0.67133123
0.62423949
0.62154989
0.57239543
0.50679253
0.64424516
0.66857096
0.67132493
0.67214797
0.67713774
0.66811650
0.67374476
0.68443808
0.70533987
0.73783129
0.67352296
0.66804329
0.70848863
0.70908516
0.70924124
0.70737783
0.73983656
0.81055370
0.82610665
0.74007446
0.66127706
0.37069576
0.30395253
0.35704138
0.31099644
0.18906706
0.29604440
0.31056153
0.41821697
0.49618218
0.44124856
0.36609035
0.35755343
0.39249403
0.40618797
0.39581743
0.37025299
0.32640433
0.29778554
0.35050528
0.41377410
0.43735965
0.36394658
0.18276883
0.29971324
0.38138641
0.35201064
0.48325142
0.50071913
0.55149450
0.64984274
0.71105893
0.62683132
0.51004214
0.39895945
0.34366795
0.26178779
0.51007621
0.60550042
0.69168028
0.58701738
0.40789183
0.26941587
0.36726135
0.58572658
0.65691165
0.60198937
0.61684164
0.62821388
0.69881592
0.71469756
0.66993295
0.60562267
0.52525895
0.67628088
0.67720982
0.68835532
0.70034848
0.70199002
0.70644025
0.68004106
0.68958925
0.68747369
0.71544912
0.71054261
0.70676667
0.71845293
0.73115387
0.70967155
0.74922702
0.79401407
0.85920613
0.88996380
0.90106095
0.76459946
0.64483158
0.46909683
0.47384430
0.42187089
0.26947294
0.21328094
0.27641431
0.29860167
0.30767415
0.30708152
0.33844614
0.36916143
0.36871001
0.36161868
0.33889297
0.35322208
0.38434173
0.41060023
0.44713161
0.47781327
0.45146900
0.37747372
0.12628725
0.12410460
0.42532445
0.37705077
0.50607780
0.59445593
0.61178215
0.68948904
0.76596150
0.73357384
0.53328458
0.41076882
0.34009995
0.27130854
0.53064199
0.67333275
0.70581262
0.63732525
0.45738378
0.25453469
0.35035447
0.56702501
0.62407444
0.56438760
0.58031252
0.65047391
0.67365255
0.72595782
0.70358609
0.64560489
0.58400506
0.68245019
0.68608972
0.68767685
0.71094692
0.68585163
0.71657456
0.70082083
0.68522122
0.71452108
0.74857527
0.69614681
0.70442358
0.75804985
0.78644054
0.77610712
0.80896154
0.82645060
0.89007304
0.88006866
0.87776862
0.79110758
0.53200622
0.58798345
0.49730115
0.43428965
0.41314665
0.34950139
0.30702886
0.32161745
0.35199944
0.37310546
0.39872101
0.40648724
0.41826160
0.42509754
0.45276938
0.51647720
0.52053598
0.54912947
0.55826562
0.56002699
0.48269504
0.38282711
0.24438665
0.04843134
0.27426540
0.51625165
0.60636956
0.66294762
0.67263837
0.73369595
0.75359247
0.73358930
0.72243132
0.48873389
0.34563567
0.27383638
0.50067467
0.67408277
0.75616039
0.68535598
0.47383900
0.25467020
0.31659997
0.49028191
0.60710280
0.55868197
0.57522787
0.68153437
0.69835330
0.73324033
0.68958839
0.65412997
0.60738602
0.50146635
0.64826481
0.68626103
0.70395694
0.71953768
0.71476793
0.71899615
0.71010619
0.71475421
0.72562192
0.68655229
0.74483808
0.75174415
0.74834959
0.77790923
0.78042475
0.78760147
0.81115584
0.78932476
0.84736149
0.92506700
0.94120666
0.87611665
0.72491753
0.49643309
0.40658917
0.42879709
0.48462093
0.54016740
0.53619141
0.52051838
0.55725670
0.56995714
0.58718099
0.58119510
0.57488012
0.56982842
0.59467385
0.62468954
0.66433762
0.68646572
0.69927984
0.72933414
0.63703140
0.48620700
0.44118179
0.19458832
0.08615723
0.31607244
0.62301762
0.70524949
0.68279640
0.75856909
0.76161950
0.72931208
0.69674068
0.60259508
0.35825103
0.24218372
0.45350099
0.58294417
0.75348784
0.70961853
0.48386431
0.27170792
0.29126358
0.47517869
0.56435302
0.59727018
0.58452856
0.66725382
0.69261747
0.71685195
0.73245787
0.65045796
0.58730519
0.52273540
0.64277910
0.70554599
0.69583927
0.73588200
0.74907242
0.76684274
0.76490252
0.75396278
0.77480416
0.77898538
0.77236769
0.80191378
0.80889300
0.86477729
0.82742971
0.80946669
0.79775889
0.82653228
0.84190471
0.91508255
0.96380691
0.97838794
0.86543195
0.65516612
0.68305992
0.56684418
0.62089927
0.72157126
0.71946667
0.71927827
0.70144471
0.71771884
0.70223014
0.72570413
0.69726030
0.68586979
0.71614722
0.74354108
0.77938721
0.80824035
0.85519234
0.89293444
0.80468912
0.63044059
0.55996594
0.46512735
0.23784773
0.16702739
0.54900870
0.65040723
0.64452249
0.73765491
0.79549512
0.70167944
0.63209841
0.67630656
0.35487827
0.22597641
0.40649599
0.58221022
0.72124601
0.70086276
0.46826103
0.28902317
0.29424386
0.45851103
0.58837016
0.62430722
0.61429292
0.68344088
0.68447623
0.75928268
0.71474767
0.64639218
0.56700147
0.50002911
0.66259029
0.69094110
0.70021817
0.73757609
0.77869909
0.79903027
0.79781081
0.77585279
0.79593291
0.85116291
0.83126959
0.84034239
0.82157352
0.88733711
0.85160316
0.85306390
0.79814777
0.80115016
0.84361162
0.90785399
0.95657564
0.96892078
0.93554133
0.84280866
0.78594496
0.76607421
0.79277216
0.88901555
0.84845294
0.83266266
0.77321701
0.77898968
0.77256646
0.76468026
0.77622236
0.77081913
0.77312240
0.78432762
0.82025627
0.91064266
0.98729485
0.99393866
0.91435867
0.77886459
0.61787145
0.49595671
0.29409271
0.17041006
0.46074497
0.55519581
0.58796994
0.63887729
0.64396818
0.58769575
0.64308765
0.66483298
0.38560844
0.26908548
0.44188592
0.64931213
0.74622230
0.74990300
0.50216382
0.28867504
0.30125324
0.48990337
0.60340537
0.64076012
0.64147763
0.66602378
0.70628204
0.75327512
0.75412710
0.63145393
0.54745769
0.49898279
0.69685265
0.70348305
0.71763891
0.74298673
0.78086197
0.83924249
0.82318155
0.79003441
0.79118724
0.85860861
0.83256623
0.82845123
0.84891308
0.88227455
0.85433918
0.83115102
0.80828615
0.79736055
0.83845238
0.86816472
0.95663431
0.99831262
0.99238815
0.92482800
0.81590611
0.78316942
0.83006930
0.97759599
0.92737653
0.84387416
0.81954127
0.80896630
0.80418768
0.76034270
0.77155118
0.76233713
0.76209693
0.79398535
0.78938623
0.88595034
0.98508749
0.99927010
0.92690962
0.77292475
0.61098472
0.50687192
0.34906311
0.23147116
0.57413459
0.67811707
0.65113509
0.63766118
0.63615651
0.62977514
0.73756533
0.57052300
0.42142375
0.31857084
0.40568476
0.64343840
0.75363612
0.75670781
0.55598454
0.32520103
0.30927828
0.47163045
0.61618828
0.64462239
0.66046400
0.63312864
0.68230328
0.71281710
0.71274480
0.64840693
0.55287898
0.48932169
0.65194374
0.73070395
0.74577231
0.77051125
0.80207443
0.83739416
0.80730296
0.82326760
0.85632543
0.85039875
0.85305983
0.84014642
0.83074513
0.87221003
0.84895147
0.84357166
0.78946469
0.80205798
0.89881399
0.88977956
0.94609090
0.99816098
0.93412957
0.76276338
0.76524122
0.69267761
0.71143721
0.87737725
0.86590362
0.81011991
0.79639354
0.76139475
0.74885193
0.70817032
0.73526587
0.72469153
0.73792672
0.79214460
0.81913380
0.87741099
0.93852930
0.95614180
0.84722293
0.70751288
0.62117803
0.46982085
0.23994813
0.42806405
0.70553162
0.73226484
0.76952252
0.72792075
0.72888350
0.74377032
0.74886214
0.53279120
0.41660300
0.32492788
0.36590905
0.60778933
0.71165946
0.70189933
0.54731285
0.34165077
0.33271815
0.49200283
0.61724417
0.74677957
0.71921953
0.64344493
0.66975825
0.69398793
0.69628008
0.65262433
0.52674537
0.60351455
0.71992021
0.76095148
0.79258449
0.80359790
0.86045275
0.81655319
0.80522728
0.82440154
0.85499780
0.86304990
0.83892533
0.83710564
0.89778856
0.84272104
0.84046682
0.79177870
0.82178775
0.88946984
0.94877362
0.95632392
0.91450262
0.74105036
0.55452649
0.56131762
0.51623943
0.55735726
0.71322733
0.70370040
0.70827523
0.66837651
0.66540982
0.66411449
0.62842431
0.60785502
0.63213535
0.62984927
0.68401296
0.73633463
0.76322042
0.78160746
0.81142529
0.73057192
0.62113141
0.53718392
0.19942031
0.37884004
0.57834964
0.62058320
0.64176739
0.67058473
0.64491830
0.73137680
0.78171176
0.69060547
0.53113355
0.42872628
0.33073987
0.33831938
0.56946966
0.62833625
0.64235972
0.51720158
0.35687247
0.36037859
0.48292247
0.60956730
0.75424003
0.77727918
0.69670127
0.68661234
0.68320377
0.65140425
0.63864612
0.55502018
0.64641936
0.70157730
0.77156076
0.77429435
0.80445083
0.85996132
0.81953652
0.82036219
0.81732595
0.87697083
0.86757561
0.85787296
0.87331937
0.84678585
0.83847148
0.80373420
0.78843405
0.81622032
0.89813887
0.92860157
0.98031947
0.87204627
0.68059313
0.55459488
0.58589751
0.54271914
0.54713101
0.56412732
0.51727653
0.49820180
0.46486604
0.49348242
0.53684558
0.54724637
0.55508427
0.55650810
0.54128797
0.56186856
0.56430437
0.59108284
0.63473765
0.69447124
0.62480373
0.52045884
0.31529838
0.10984751
0.59352981
0.51925251
0.49475012
0.56719335
0.58105659
0.59907853
0.67037525
0.72542401
0.69702239
0.55132111
0.42958084
0.33747353
0.28352827
0.49300811
0.55274090
0.55374013
0.49682939
0.37739697
0.37977700
0.44507440
0.59474771
0.67799716
0.66693253
0.68371704
0.69464772
0.65006637
0.62337947
0.55925672
0.50405587
0.72871163
0.78792774
0.78113014
0.80069303
0.84237135
0.82210443
0.80854211
0.82198278
0.85973311
0.85173010
0.84486045
0.83913977
0.82314993
0.83070029
0.80360453
0.79084227
0.83968304
0.94431659
0.98611521
0.98453729
0.87159795
0.75931451
0.61825036
0.49682804
0.54137198
0.52882418
0.40541184
0.38202463
0.38288653
0.37485443
0.39717482
0.43142829
0.48706247
0.53907836
0.52686923
0.53322992
0.51760945
0.48957545
0.48277757
0.55398643
0.61962096
0.61051270
0.51592443
0.21155126
0.21007825
0.63381618
0.43088301
0.54923330
0.59659765
0.57224867
0.57739629
0.63014995
0.70314305
0.73214308
0.57052105
0.45184786
0.33637256
0.26648603
0.48540450
0.52322190
0.53473178
0.45711031
0.41027121
0.38406526
0.42550091
0.53686644
0.62050580
0.66265710
0.65966785
0.66459321
0.60697983
0.55551049
0.52355200
0.72775929
0.75978517
0.77658058
0.77700871
0.83317037
0.81399592
0.79484933
0.82156575
0.83603515
0.79752830
0.80239127
0.78873674
0.81807834
0.83175596
0.80141623
0.77992302
0.84058417
0.95826911
0.98340819
0.99637171
0.98056278
0.83330765
0.63762235
0.53038427
0.47075621
0.37157447
0.32803009
0.35357938
0.46202032
0.60418237
0.64033519
0.53387499
0.47956392
0.50519780
0.52304752
0.55384618
0.58069154
0.57008582
0.53816855
0.48528804
0.52497401
0.55199327
0.52495149
0.39503025
0.35426450
0.41486875
0.33171300
0.65080575
0.65269753
0.58938044
0.57549116
0.60658535
0.67732915
0.71171089
0.60060960
0.43839802
0.35557040
0.23568314
0.42839118
0.49571636
0.47968039
0.41385217
0.41973851
0.39039881
0.48591724
0.55986113
0.57327084
0.63684509
0.60290437
0.60690794
0.52458097
0.49685208
0.52370530
0.75071669
0.74583285
0.77467096
0.76811592
0.82101340
0.78897744
0.80507777
0.80066550
0.83994919
0.79977996
0.78303536
0.80132783
0.81794246
0.80558741
0.79965861
0.77291205
0.82703953
0.88972174
0.94385086
0.99458024
0.92240591
0.64237936
0.51156194
0.43077729
0.38229667
0.25765070
0.38682894
0.35030012
0.58420339
0.57552218
0.58309665
0.59079588
0.56235674
0.63699996
0.59915579
0.57375359
0.59548069
0.61417562
0.62160805
0.66441672
0.63172125
0.54222662
0.49649588
0.48138200
0.47396158
0.39693526
0.55231872
0.77035570
0.70029809
0.66279790
0.59410565
0.59439810
0.64652353
0.67145529
0.62891978
0.47568220
0.32442234
0.20949456
0.37430592
0.48205523
0.45856680
0.39213575
0.46116328
0.45580009
0.52414069
0.56036242
0.56854889
0.57741875
0.58004045
0.53916862
0.49902117
0.50646007
0.51170690
0.73606560
0.77067037
0.77019912
0.79794842
0.78339409
0.78393315
0.80480910
0.85852208
0.82147590
0.78615628
0.79467956
0.81484268
0.81313432
0.77688964
0.80585196
0.81551297
0.86995011
0.91684067
0.98777975
0.96391196
0.49513364
0.38972300
0.27666886
0.31079650
0.25772894
0.41871228
0.34499050
0.42716519
0.53555540
0.48139140
0.51138505
0.52518469
0.68046828
0.76536875
0.70386766
0.69514050
0.71110393
0.72871318
0.77420503
0.82365937
0.84629409
0.75721066
0.69240146
0.71457282
0.82147719
0.84604811
0.82131085
0.75575366
0.67666956
0.59627189
0.57890746
0.63199053
0.63919254
0.62218793
0.51093946
0.34855632
0.22072201
0.32010857
0.48366414
0.45456323
0.47894376
0.54483021
0.57139334
0.60448511
0.59584695
0.57638332
0.56355802
0.58946320
0.53001222
0.49075389
0.48651281
0.47696540
0.73639606
0.76299876
0.76529078
0.78472197
0.78157891
0.77497430
0.80201195
0.84815636
0.85132256
0.83532461
0.81107706
0.82643600
0.90101587
0.82462700
0.80063955
0.80096980
0.83759401
0.88283687
0.95386634
0.95561431
0.48816044
0.30698925
0.22091919
0.20479587
0.32775223
0.39068938
0.34407531
0.27753707
0.50859448
0.46378001
0.53278473
0.48998716
0.58850048
0.77705888
0.83599105
0.83209716
0.79893769
0.76584086
0.80919818
0.90944661
0.94962981
0.90953266
0.89764614
0.86445548
0.85917154
0.84614264
0.83657486
0.77281184
0.66576743
0.60154892
0.54789509
0.61214999
0.66002663
0.63944921
0.53232312
0.40001557
0.23564759
0.37146226
0.55315696
0.58908562
0.64706012
0.64496197
0.62899720
0.63942128
0.59996444
0.57328520
0.58106899
0.55783703
0.48864156
0.46606178
0.45670087
0.41765278
0.70533004
0.74280637
0.74409497
0.78053550
0.78273527
0.77881548
0.77659445
0.78999646
0.80018485
0.80934293
0.79399134
0.81596153
0.92705363
0.88329119
0.80859214
0.76600984
0.81160308
0.80714161
0.85976285
0.82703139
0.48651620
0.28343320
0.17094722
0.16465547
0.37163280
0.34054895
0.30219489
0.34733036
0.72525396
0.60538267
0.56857495
0.51366296
0.57641240
0.69604019
0.82163294
0.87289571
0.86699787
0.81297185
0.85943101
0.91049874
0.96759364
0.96197070
0.93415211
0.88973472
0.86102769
0.88504298
0.85278211
0.77314773
0.67206896
0.61939577
0.56614017
0.60476189
0.60399548
0.59272330
0.56691327
0.43296286
0.30444826
0.44591978
0.71881510
0.72958721
0.71665854
0.66659117
0.60966730
0.60781810
0.59722446
0.56046329
0.55181751
0.56293535
0.50485637
0.47140159
0.41945673
0.74359008
0.75095042
0.76587940
0.79926598
0.76606787
0.72820533
0.73486353
0.77168515
0.80405922
0.78737939
0.78180601
0.78019904
0.84995085
0.80670199
0.77190743
0.79916523
0.78871298
0.79928813
0.73263898
0.51421114
0.22880362
0.15931638
0.18495615
0.42716918
0.34405082
0.24493678
0.34808187
0.71441980
0.80605836
0.59031101
0.53133133
0.57732095
0.68335199
0.76517849
0.82168278
0.82386099
0.83458489
0.86691380
0.88174035
0.93504909
0.96899620
0.95993799
0.93814764
0.89771408
0.84960387
0.86591502
0.83153478
0.74271830
0.63556212
0.59853815
0.57866435
0.57504779
0.58645155
0.58221537
0.52520438
0.42700489
0.51367748
0.66436867
0.72382328
0.67464953
0.65168342
0.61311548
0.58547580
0.57769767
0.54268836
0.52708571
0.48439600
0.46589911
0.42959000
0.72834370
0.73310675
0.72536168
0.79740970
0.77230626
0.72368034
0.74123944
0.80544998
0.77554199
0.75781469
0.76250148
0.76537711
0.73269972
0.72376826
0.72443229
0.77697788
0.77131711
0.77650308
0.72726515
0.49440543
0.23192712
0.18762014
0.17879095
0.49004696
0.42170155
0.21844523
0.15631901
0.25318433
0.43859964
0.58261917
0.55243028
0.56712661
0.63450823
0.69443717
0.74136201
0.73533678
0.80843062
0.84875842
0.89460338
0.93070461
0.98466055
0.99410518
0.95611812
0.94356281
0.87841585
0.84195415
0.83688636
0.78256493
0.68311932
0.63531393
0.58029666
0.58026835
0.61608479
0.63098820
0.56150285
0.48960540
0.53769797
0.62968827
0.63458696
0.59974176
0.61045891
0.62876126
0.56683138
0.56422919
0.52275784
0.47674344
0.47190249
0.40033051
0.72463704
0.73441482
0.76673096
0.78007182
0.71368976
0.73258943
0.75581536
0.73818127
0.73264772
0.74630950
0.76244315
0.74073279
0.73482547
0.74472666
0.76415324
0.72241114
0.74276376
0.76681831
0.58389699
0.27987462
0.18720699
0.19286998
0.57451733
0.53147525
0.21458718
0.08492472
0.09120091
0.23554211
0.60484467
0.58415232
0.58565604
0.60438295
0.68760142
0.74311446
0.75142638
0.78726510
0.82344814
0.85579774
0.91146718
0.93934585
0.97937451
0.96324129
0.96011722
0.92856583
0.87963059
0.83447050
0.80594606
0.75091026
0.70387263
0.61308343
0.56232006
0.58571649
0.61228588
0.56342418
0.52225927
0.50934348
0.59220289
0.59894294
0.58812205
0.62041109
0.61829231
0.53810432
0.52443699
0.48397780
0.44190887
0.39754068
0.73250412
0.72507383
0.74923477
0.76116503
0.73046977
0.68668598
0.71738256
0.70355603
0.71725715
0.77736185
0.73613471
0.71489150
0.73071698
0.73798250
0.73075029
0.71888054
0.75846643
0.73155874
0.63408593
0.38175959
0.20067981
0.21985730
0.64244709
0.62440847
0.26721961
0.22855729
0.04682277
0.18820074
0.43497367
0.55270671
0.66081105
0.57757825
0.67220812
0.69507288
0.80277433
0.78513957
0.81038873
0.84576257
0.88972936
0.87960742
0.95795204
0.94278028
0.93070999
0.91183693
0.89496459
0.85447186
0.81336272
0.75352734
0.71272173
0.65262949
0.62814262
0.56124871
0.54812706
0.55744918
0.54220011
0.53706676
0.59923739
0.64965625
0.63974337
0.59475480
0.55813078
0.49892941
0.46810202
0.41953772
0.38803281
0.70982809
0.69889390
0.72371538
0.72028318
0.70481620
0.69487792
0.69336479
0.71110929
0.77783534
0.76212965
0.72692095
0.72041986
0.71893108
0.71661660
0.72012957
0.71716294
0.69382292
0.64749267
0.37992929
0.22346407
0.27693430
0.69852460
0.62532847
0.32937762
0.07843682
0.12467835
0.22066631
0.48317258
0.55314177
0.65162639
0.60143894
0.70941155
0.74014717
0.82354067
0.80034076
0.76972355
0.82731231
0.82048119
0.86490749
0.93790802
0.96676301
0.92036082
0.93624736
0.90687723
0.87861766
0.79575493
0.72483717
0.70027037
0.69855418
0.67131181
0.57304144
0.56388723
0.58377807
0.57153820
0.55997512
0.60900310
0.63944165
0.57369765
0.50721802
0.46280091
0.43971665
0.41150899
0.38180055
0.67895702
0.70035441
0.70271188
0.68266058
0.64656248
0.66089549
0.67304969
0.70018919
0.71611316
0.70514866
0.66999054
0.66214078
0.68822219
0.72231930
0.70529991
0.64044212
0.55723022
0.36630900
0.25737677
0.29788429
0.64992719
0.61161055
0.39644727
0.11529472
0.23598636
0.47216045
0.63900979
0.67401497
0.67468144
0.62281701
0.73687890
0.79023250
0.85243411
0.83220060
0.77770512
0.82800254
0.82950643
0.82803839
0.92228594
0.93607654
0.89657527
0.92801245
0.88765258
0.86025986
0.79261380
0.74707080
0.70981803
0.68860802
0.68774733
0.62660232
0.57995505
0.56839961
0.55506424
0.54708370
0.57682514
0.56925595
0.51263296
0.47357723
0.44637675
0.40501038
0.37113041
0.67063813
0.68528906
0.64571210
0.61737268
0.62446489
0.61241063
0.61284046
0.63366154
0.65057338
0.62173900
0.60055524
0.65699602
0.68184835
0.69151804
0.60598141
0.46617897
0.35653453
0.24678553
0.25578231
0.58654843
0.57573951
0.38954616
0.16314632
0.29800377
0.52459331
0.60103652
0.64482365
0.62317481
0.67140064
0.75771338
0.81419484
0.86934752
0.84173084
0.79413848
0.80393797
0.83952409
0.82618033
0.89434120
0.88058800
0.85719317
0.86620117
0.82954210
0.79999642
0.75926058
0.72917701
0.69476359
0.68141431
0.67321422
0.68670860
0.66573982
0.61816411
0.59951838
0.57918131
0.53066116
0.49835842
0.46071003
0.40685333
0.37305054
0.34327541
0.65400245
0.61967304
0.57209837
0.58536577
0.60025550
0.57198053
0.60985145
0.64216522
0.63052827
0.63850203
0.65603316
0.66637268
0.66537130
0.56332971
0.46625431
0.37728446
0.21288157
0.23143651
0.49502158
0.55545579
0.39234289
0.26542374
0.10297189
0.30041063
0.46120696
0.50572026
0.57546395
0.69582912
0.78042174
0.85492869
0.89864791
0.87557554
0.87814931
0.86334597
0.81919297
0.84839923
0.81453474
0.82608519
0.80037674
0.77571478
0.78988356
0.76173734
0.71830047
0.70508614
0.68824275
0.65008975
0.66418428
0.67156011
0.65784815
0.62549419
0.57634404
0.53794987
0.46373127
0.41079553
0.36564034
0.35766970
0.61693808
0.58832990
0.58572645
0.59422677
0.59764187
0.58505630
0.60460625
0.62427836
0.62873970
0.63038181
0.65395499
0.64481966
0.57478839
0.41357013
0.30266367
0.22452456
0.20881068
0.41393413
0.53041087
0.42906687
0.27495459
0.14617865
0.15967775
0.27664382
0.43853549
0.58128455
0.71936547
0.78157504
0.87536243
0.91349464
0.92124172
0.91183047
0.86651459
0.83368490
0.83703619
0.83650885
0.85527964
0.82102905
0.80171075
0.77713699
0.72970805
0.66855172
0.61691470
0.59968591
0.58803982
0.55655973
0.51573030
0.49069060
0.48559083
0.44861447
0.39777646
0.38263223
0.37765703
0.56755675
0.58092318
0.57371301
0.60038033
0.60994174
0.62172089
0.60687474
0.61179001
0.61206409
0.58442299
0.57049822
0.46617328
0.30095720
0.20828867
0.20291718
0.35845885
0.46736728
0.43756288
0.33575456
0.23816582
0.22903536
0.27712840
0.46902884
0.60558782
0.68719817
0.79028027
0.86641662
0.89422592
0.94575465
0.92604727
0.85913728
0.81453927
0.74984754
0.76090278
0.77951191
0.73106070
0.68132947
0.56517591
0.51616211
0.47913580
0.46480373
0.45685409
0.45436894
0.44495273
0.43291119
0.43516298
0.52710707
0.53428002
0.53460530
0.52395512
0.53751261
0.54745114
0.53935847
0.54247907
0.54626406
0.51555059
0.49612351
0.35375834
0.20722423
0.18107912
0.26844688
0.37266422
0.38935812
0.39987922
0.36719858
0.38650173
0.38908942
0.53335028
0.66600459
0.71561773
0.78811003
0.84251719
0.84420113
0.86909749
0.87821641
0.87877958
0.81816154
0.77534216
0.73475003
0.44623379
0.44636724
0.45435004
0.46962317
0.48472959
0.46911147
0.47338270
0.46228680
0.43684361
0.34923921
0.23950256
0.14014983
0.19477585
0.27571696
0.30427364
0.39807698
0.42988738
0.46508977
0.45240788
0.54999956
0.69454088
0.75853905
0.77412687
0.82756531
0.81712297
0.83144858
0.82748942
0.79915031
0.77805413
0.34370127
0.37132615
0.38416457
0.39822142
0.38229246
0.35845806
0.27019427
0.16634775
0.19849259
0.19782148
0.23679888
0.33241917
0.38482455
0.45879816
0.48947346
0.58649968
0.65782255
0.73184247
0.75058164
0.71733421
0.75044196
0.76307724
