0.19226412
0.22787587
0.24461048
0.24507155
0.25426681
0.23832178
0.22561059
0.21219131
0.21219582
0.07971331
0.06900066
0.05357339
0.06642467
0.13085581
0.19895173
0.25837881
0.31228819
0.32586429
0.32070547
0.31324043
0.33222027
0.34034920
0.31699321
0.29592377
0.27295321
0.24353446
0.13748826
0.08917659
0.10049104
0.10600949
0.09970276
0.05304100
0.04975895
0.05383077
0.09530034
0.16001751
0.21439619
0.26881421
0.34905255
0.38340009
0.39986405
0.40184638
0.42793168
0.42226475
0.39029098
0.36770284
0.34872050
0.29347656
0.26384577
0.21873609
0.20014915
0.20508984
0.18476800
0.18648863
0.15621184
0.13024566
0.13593118
0.14181270
0.15653682
0.15662379
0.16217105
0.16129067
0.15065653
0.11200586
0.10685098
0.10457262
0.11248548
0.12700492
0.14787867
0.17095187
0.10728886
0.08890928
0.07199464
0.10574365
0.16961023
0.21620687
0.22625977
0.23151585
0.33624718
0.39208023
0.44472757
0.45070646
0.46480734
0.46357412
0.44128273
0.41889070
0.38598452
0.35013159
0.33883070
0.31085722
0.24937688
0.23454857
0.23481640
0.22158470
0.21377832
0.20890906
0.19438569
0.16958897
0.15147635
0.14066784
0.14539463
0.15228028
0.15401427
0.16562476
0.17926003
0.16471985
0.19691769
0.20446503
0.19419246
0.17254573
0.16536414
0.16719500
0.20073085
0.20685164
0.20639456
0.19599671
0.10731775
0.10118868
0.12395818
0.15061495
0.17343586
0.18104967
0.15594252
0.16947470
0.32952927
0.40800433
0.45648303
0.49321168
0.49565455
0.48494219
0.47361972
0.46404017
0.43181808
0.41014735
0.39657260
0.38027096
0.34958318
0.31766612
0.31456409
0.30192881
0.29492155
0.29466528
0.29086272
0.27880601
0.27333982
0.24438431
0.22383102
0.19550207
0.18835181
0.18437347
0.16582953
0.16959228
0.16523944
0.24129027
0.25150618
0.26182640
0.25344858
0.24878746
0.24913241
0.27493311
0.27404651
0.26901021
0.25033994
0.20051803
0.10309675
0.12654752
0.21404580
0.21020942
0.12176572
0.08055411
0.05424824
0.13929359
0.29363026
0.39536047
0.47436474
0.54586431
0.54143136
0.52265872
0.50662778
0.47671008
0.47468134
0.46364123
0.45150521
0.44878105
0.42229142
0.40126187
0.38328538
0.36735851
0.36923502
0.36984163
0.35179923
0.35787546
0.34781492
0.35395689
0.29646294
0.25479478
0.24199683
0.22542552
0.19248661
0.17442929
0.17290481
0.16267498
0.14526771
0.26342581
0.27925613
0.27515618
0.29102783
0.30965647
0.30244684
0.31252613
0.31604679
0.32376374
0.31463968
0.30810319
0.29426376
0.16992726
0.11095649
0.13286299
0.26427894
0.23733253
0.15771475
0.04360838
0.16609788
0.22443830
0.25641889
0.37392563
0.44538827
0.52105179
0.52775255
0.52771192
0.50825531
0.49478724
0.52129135
0.50286168
0.48806148
0.48855376
0.47679714
0.44402303
0.41648668
0.38556107
0.40143360
0.39531187
0.34634547
0.27946516
0.26791429
0.27476469
0.28995998
0.28413146
0.26681067
0.25866700
0.24982611
0.22958931
0.20505521
0.18552422
0.14664709
0.11583535
0.29180708
0.31522326
0.31567402
0.31178318
0.32651412
0.31034023
0.31028647
0.34743619
0.34002881
0.33329507
0.34335512
0.33689815
0.29638780
0.20668531
0.14579389
0.15833194
0.29084496
0.21497834
0.16254959
0.10977799
0.29505602
0.31206282
0.32452879
0.33319437
0.41616605
0.44820024
0.48579440
0.49714189
0.48462541
0.49325349
0.52123840
0.49746930
0.52004443
0.49786521
0.48179290
0.47943197
0.44574879
0.43143316
0.38372414
0.33064678
0.29485386
0.27822324
0.28605813
0.29357496
0.31159745
0.31963263
0.31609841
0.29359834
0.28194874
0.27141722
0.24793367
0.22874959
0.23138649
0.18632173
0.14041679
0.10689472
0.29950397
0.31796319
0.33196981
0.33787117
0.35229395
0.33961839
0.32909530
0.33907213
0.35905849
0.34124919
0.33994696
0.37004727
0.38456935
0.33949136
0.22867857
0.18467557
0.13924046
0.33675456
0.23516439
0.12027779
0.08438180
0.16719962
0.32423761
0.34366025
0.33895340
0.39713154
0.43416623
0.48369075
0.47594446
0.49243748
0.50452828
0.52075390
0.54362426
0.53637304
0.53122073
0.51322054
0.48559406
0.45427432
0.39910112
0.35324103
0.30851618
0.29338333
0.29925677
0.29560156
0.31146752
0.32493253
0.35169030
0.34460059
0.31169021
0.29578595
0.28267298
0.27763518
0.25580894
0.24809345
0.24756293
0.20971585
0.16666258
0.12038343
0.33860830
0.36043625
0.35715722
0.35161035
0.36109392
0.37849624
0.36527704
0.35878010
0.36139742
0.36634101
0.35176848
0.37510101
0.41378098
0.38606666
0.33396267
0.19737119
0.12764263
0.38817457
0.27550524
0.09261987
0.06175337
0.12534343
0.21829530
0.35009216
0.36070823
0.41921276
0.43580842
0.50300496
0.45335683
0.49312666
0.50733629
0.52849768
0.54882891
0.55953821
0.55963991
0.53561282
0.49126633
0.44553205
0.40010476
0.32127393
0.30967311
0.33792262
0.34468546
0.30543271
0.31964814
0.36218634
0.37854372
0.34537017
0.34995831
0.33969152
0.31425238
0.28460851
0.26937961
0.27741555
0.25882372
0.23194414
0.21034746
0.17677114
0.35908175
0.37805312
0.38543790
0.38793813
0.39606782
0.40334472
0.37616969
0.40984413
0.38975199
0.37880207
0.39262709
0.39739082
0.41379201
0.41441828
0.37318779
0.30145312
0.18142987
0.09872482
0.36104095
0.31981902
0.11077821
0.18061486
0.11700729
0.26404381
0.36063068
0.37599792
0.43859267
0.42994365
0.45161824
0.47688762
0.51045417
0.54380704
0.59439017
0.60954808
0.58912294
0.56111441
0.54135639
0.49667727
0.39050280
0.35092968
0.32346794
0.35977080
0.33955806
0.34297808
0.26043868
0.27830900
0.39422832
0.34069081
0.33956365
0.34108153
0.34394027
0.32314599
0.30855463
0.30211799
0.30241332
0.28594788
0.28537875
0.26492971
0.23601731
0.20364094
0.38082459
0.39661589
0.40023791
0.40780704
0.40963278
0.41789162
0.40834567
0.40372525
0.43129599
0.41716020
0.40429364
0.42267470
0.42341504
0.42710039
0.45591493
0.42647095
0.30899210
0.14059248
0.09407668
0.25272885
0.27900630
0.12848723
0.11642820
0.20177935
0.40040355
0.35343580
0.36904661
0.43727305
0.43620021
0.45766867
0.52393094
0.52198439
0.55468774
0.60206740
0.59854201
0.57484376
0.53917413
0.52101657
0.47790028
0.40201394
0.35275924
0.33509293
0.35442660
0.38307921
0.30439042
0.18106273
0.13934878
0.30116626
0.31903383
0.26916103
0.28287674
0.29369251
0.29402086
0.32276325
0.33520602
0.34130843
0.33350491
0.30952065
0.28579584
0.27045543
0.25301699
0.24068417
0.42062762
0.41376959
0.43234299
0.44421196
0.43987623
0.43826590
0.42715392
0.42494539
0.43585098
0.42201851
0.40866657
0.44557159
0.45953531
0.46829423
0.47354978
0.45262241
0.29755405
0.13615218
0.09425992
0.18361287
0.24674892
0.17508346
0.33969599
0.58496812
0.43160758
0.34809109
0.35784163
0.42484157
0.45830422
0.52838201
0.55788001
0.55744721
0.58829620
0.57860903
0.58584909
0.56525262
0.56547992
0.51963639
0.43892520
0.39241805
0.36159656
0.35880399
0.34840697
0.35956874
0.26468054
0.19397541
0.13426233
0.27124348
0.27633016
0.26739279
0.24074911
0.27264186
0.28912462
0.32012019
0.35536358
0.36048211
0.37488179
0.34307359
0.32923642
0.29027087
0.28762371
0.24111663
0.18215482
0.38920789
0.44504197
0.45574169
0.46070474
0.44846480
0.43557510
0.45160391
0.44924547
0.46161733
0.45048275
0.44840608
0.46100576
0.47557122
0.49227309
0.48385293
0.48813343
0.46207168
0.26607017
0.14864857
0.08037604
0.14003766
0.26685360
0.20130558
0.25384488
0.51250750
0.33122238
0.32085102
0.35193188
0.45504851
0.48500319
0.49832899
0.50589005
0.51037401
0.51523244
0.54686226
0.53034493
0.51818745
0.53607836
0.51774756
0.45677672
0.38032821
0.37978170
0.37404593
0.40321721
0.34873377
0.24055701
0.18294197
0.18004339
0.26524413
0.31168958
0.29486963
0.27149895
0.24256742
0.29763867
0.33652770
0.39736967
0.43708067
0.44640403
0.39954792
0.36838415
0.33076447
0.32977693
0.28656408
0.21041834
0.40833468
0.48612671
0.48921168
0.48208259
0.47298155
0.46429655
0.48035878
0.47810339
0.46169457
0.46312257
0.45740503
0.45080804
0.46729081
0.50307378
0.52514800
0.48456135
0.48889946
0.32273824
0.18076546
0.14928880
0.12138647
0.27652425
0.20385483
0.20896201
0.47763431
0.31120599
0.34768618
0.36984132
0.43326522
0.39454598
0.39058197
0.39746178
0.43315150
0.46373484
0.39621209
0.27520207
0.17937876
0.16661346
0.42241253
0.44135822
0.37918621
0.35583876
0.39666555
0.40262990
0.33015362
0.24874183
0.15989491
0.09347828
0.24359354
0.33942972
0.31284027
0.30578064
0.23404849
0.23693743
0.36787636
0.44667600
0.47884181
0.43478124
0.44692030
0.42017140
0.38252499
0.38379134
0.33297098
0.23209891
0.13839784
0.28607383
0.41757599
0.49118395
0.50303123
0.50639723
0.48514402
0.47196087
0.48966680
0.49798178
0.48424756
0.48158500
0.47172413
0.47994057
0.50891053
0.52267135
0.55730331
0.53951306
0.51348537
0.37476486
0.19818062
0.18846436
0.17323569
0.19288216
0.23322337
0.34004774
0.27263426
0.37750884
0.33346694
0.35324416
0.33361356
0.30014580
0.31034923
0.32654071
0.31842730
0.27619307
0.25364610
0.22968030
0.23261116
0.20096849
0.25311827
0.37617295
0.36097992
0.38763808
0.45152476
0.44071717
0.34413802
0.26724461
0.13515735
0.07816942
0.22228691
0.33904736
0.39513244
0.36438214
0.26539602
0.19313034
0.34913979
0.45259092
0.46623879
0.44792118
0.45442089
0.45951697
0.43704560
0.39526065
0.34822825
0.28266372
0.15423495
0.34236171
0.44377305
0.49654316
0.50554175
0.50542510
0.50441259
0.48545812
0.50458052
0.51918933
0.53621931
0.49753758
0.51820617
0.52644048
0.52878964
0.53411038
0.56125024
0.61548839
0.55886633
0.47501635
0.24237309
0.23730455
0.24492271
0.13376405
0.20331889
0.22832636
0.31762705
0.30681112
0.25376984
0.26545494
0.29027587
0.28299611
0.26222192
0.22956426
0.22977338
0.29072773
0.31944867
0.25619494
0.09708853
0.29971585
0.20557372
0.33836967
0.36368500
0.41694349
0.50342770
0.45648756
0.35279399
0.26748716
0.16151509
0.09815104
0.20985441
0.37442782
0.46673098
0.43725252
0.28904324
0.16565437
0.31757745
0.44383027
0.42255819
0.44199679
0.46128918
0.51384998
0.48634585
0.42981038
0.35962021
0.29195454
0.16855090
0.22039438
0.33345301
0.47757449
0.51142447
0.51329596
0.52484138
0.51540397
0.51584694
0.50931929
0.50626581
0.53271004
0.52277304
0.52301093
0.54656584
0.53762856
0.56680399
0.60619515
0.64955469
0.63688503
0.56902258
0.44645861
0.39836639
0.33529876
0.23174021
0.15842525
0.19637222
0.21042124
0.22212327
0.25057366
0.26344802
0.25994825
0.26045397
0.29138982
0.31923600
0.33941716
0.35577893
0.33241764
0.25967107
0.05063246
0.16701718
0.29853845
0.38526341
0.45055013
0.47913926
0.54311295
0.53191439
0.39444117
0.28131611
0.19279005
0.14333721
0.21624903
0.39452191
0.49824229
0.46434038
0.32871049
0.16149744
0.28822564
0.42715371
0.39114091
0.40988924
0.48165103
0.50485323
0.50562124
0.45743578
0.40805476
0.30293453
0.17855625
0.23471477
0.37872044
0.49463471
0.51447965
0.51534331
0.53186477
0.51569779
0.52488991
0.51847503
0.51858709
0.55251790
0.52001268
0.55644131
0.56923262
0.57818892
0.59468139
0.60731980
0.66799485
0.68814871
0.56754173
0.41539733
0.34479339
0.28467730
0.31876001
0.32603011
0.29927339
0.31011730
0.33622895
0.35915869
0.35879534
0.36272331
0.38292795
0.42306395
0.43486119
0.46070802
0.47280540
0.40494594
0.30398328
0.18239088
0.04119981
0.25243341
0.43982267
0.49870429
0.52047009
0.54357424
0.51892016
0.50166126
0.32327521
0.19143123
0.18135709
0.30704622
0.34861326
0.46938666
0.50994752
0.35141192
0.16630223
0.24006091
0.38655226
0.40749502
0.41782971
0.48869166
0.49069469
0.50148415
0.45882100
0.41230333
0.31112931
0.19312356
0.26577037
0.36992331
0.49050011
0.51581096
0.53580585
0.53737594
0.55632105
0.56272271
0.55482944
0.54489259
0.55892138
0.58314831
0.60758079
0.59399549
0.58651535
0.59587380
0.60476663
0.64759343
0.70455099
0.75790006
0.53633477
0.42171095
0.39160464
0.41405254
0.49000790
0.48675279
0.48916980
0.50519051
0.49933397
0.50715061
0.49250467
0.50331774
0.52991579
0.56139120
0.56552270
0.61802749
0.56617232
0.41473332
0.37418592
0.20826183
0.09238769
0.40034400
0.47669248
0.50125509
0.59132612
0.53378087
0.45783877
0.37430218
0.18100504
0.10786242
0.23598828
0.29745988
0.41018232
0.51215305
0.34549238
0.18484695
0.23107524
0.37346961
0.43073408
0.43008637
0.51370738
0.52281843
0.51881464
0.45294494
0.39872160
0.31782679
0.18940605
0.31862456
0.41955477
0.49266055
0.50749671
0.53228268
0.57057674
0.58704559
0.58267958
0.57191554
0.63134042
0.60899429
0.61335124
0.62884867
0.62956718
0.62953438
0.58080785
0.60121501
0.64108197
0.69910111
0.72051216
0.66586931
0.56811991
0.55283521
0.56707004
0.64571846
0.61403294
0.58128598
0.57230908
0.57091585
0.56402637
0.57716939
0.57477491
0.57755324
0.61049150
0.69948813
0.88117188
0.70106384
0.54877008
0.41486323
0.27702852
0.12013200
0.31889462
0.40369034
0.45291854
0.47264732
0.42711372
0.45770117
0.38360697
0.20183115
0.11015020
0.28044167
0.33871723
0.48086061
0.54922956
0.38376340
0.18962759
0.24145772
0.39936917
0.45175105
0.44946600
0.49896717
0.53211481
0.53931206
0.43996808
0.38577482
0.29220028
0.19409886
0.14602241
0.30207454
0.42285070
0.51219634
0.51885918
0.54239255
0.58009567
0.61338596
0.59837844
0.58619608
0.64154564
0.61451025
0.60670505
0.62521391
0.65066401
0.61169761
0.58980101
0.60155861
0.63073492
0.69392075
0.84133428
0.73845003
0.61979217
0.56625174
0.58644351
0.72377879
0.65204685
0.60227420
0.58991967
0.58200240
0.56189819
0.57879020
0.55990843
0.58177715
0.59378022
0.67555735
0.85535847
0.69718333
0.53887169
0.41629005
0.30618747
0.17256126
0.42810796
0.50718745
0.48028071
0.47412283
0.45429062
0.52182357
0.34815985
0.25813389
0.11452103
0.25368550
0.31278013
0.46654235
0.56594384
0.40324369
0.21700806
0.23804048
0.38690742
0.45900319
0.46649113
0.46041044
0.50832304
0.50967421
0.45809670
0.37888270
0.28996640
0.22096624
0.28397164
0.39604908
0.47981242
0.54585329
0.56041452
0.58484987
0.62634668
0.59649236
0.62058218
0.63118896
0.63400796
0.61391022
0.60255803
0.64484343
0.62452160
0.57870323
0.62178471
0.66936868
0.68750311
0.75697668
0.58048240
0.45869204
0.46977165
0.46970022
0.59808349
0.58262089
0.55286021
0.53106900
0.52239846
0.50167311
0.50881842
0.51207162
0.57244068
0.59806396
0.62526233
0.64403258
0.60068828
0.47713098
0.40535546
0.16533220
0.30375295
0.48327395
0.50257684
0.52960080
0.53676749
0.55143166
0.49565889
0.35242115
0.27185749
0.10429962
0.18151541
0.29822272
0.43565794
0.48227088
0.38123024
0.23028303
0.25113297
0.37677266
0.52869301
0.51631896
0.46904540
0.48187444
0.50447967
0.46047347
0.35246720
0.32389515
0.25440442
0.31831290
0.41661128
0.48255797
0.54548101
0.57062515
0.59289432
0.63375446
0.58646432
0.59512287
0.64838168
0.63777866
0.62848726
0.63038933
0.64345120
0.59789241
0.58438341
0.61216744
0.66809819
0.72625927
0.62468619
0.47924896
0.39233002
0.38192070
0.38921200
0.44155013
0.42726525
0.38477842
0.39555911
0.42280787
0.40103248
0.42275462
0.42233587
0.44793013
0.46468857
0.47711289
0.52445626
0.48648452
0.39510195
0.19369698
0.20503887
0.39540760
0.38199471
0.43086037
0.42928866
0.46989455
0.53603821
0.47797041
0.35397524
0.27356673
0.09953440
0.27505301
0.30164369
0.37969323
0.39545160
0.35566191
0.24627148
0.25823866
0.36498473
0.50449511
0.52728437
0.48767330
0.48522113
0.47453471
0.43101143
0.35294652
0.32758435
0.22352705
0.30071741
0.40743742
0.50791860
0.56398074
0.58125676
0.58794875
0.61580068
0.60312311
0.59536033
0.64019677
0.62712899
0.62624049
0.60672792
0.62509494
0.58978967
0.58688482
0.63529583
0.73021660
0.77461082
0.63516521
0.51240456
0.37949613
0.39951454
0.38917873
0.29629990
0.27970004
0.26734367
0.27911175
0.31859507
0.37402558
0.38506398
0.38591308
0.38143916
0.36129745
0.38289673
0.44709131
0.44451211
0.35710004
0.07576226
0.31920109
0.37202349
0.36173682
0.41766811
0.40928610
0.43676005
0.50302301
0.51396219
0.36762088
0.29712466
0.12937188
0.05730014
0.27300058
0.37500371
0.37510528
0.32493085
0.27443003
0.24710864
0.34485876
0.44298494
0.48711864
0.49963388
0.46684767
0.41807595
0.38099451
0.34856058
0.29941736
0.22350492
0.29844113
0.47223698
0.54803526
0.54544065
0.56929625
0.57536672
0.61508859
0.59057592
0.59296173
0.62145139
0.58706016
0.58824542
0.59038335
0.61907028
0.58993780
0.57287730
0.65776733
0.71988270
0.82424490
0.77853729
0.55682562
0.42029287
0.34460988
0.26497972
0.24431719
0.26089815
0.40795714
0.45541769
0.38309975
0.35505034
0.37577014
0.39465861
0.41797836
0.41196441
0.37299431
0.36398529
0.38808269
0.37331258
0.26533484
0.28440106
0.22079642
0.45964870
0.46803211
0.41681582
0.42284476
0.47169128
0.50374788
0.38983038
0.28914818
0.19345452
0.14636232
0.28813365
0.34085668
0.33551435
0.29207588
0.29124850
0.26674880
0.36535846
0.40849502
0.46092536
0.43230373
0.39817615
0.35773025
0.38145385
0.36999855
0.27152706
0.32054637
0.45283659
0.53698274
0.55554646
0.56638205
0.56916065
0.59452909
0.57997498
0.58845152
0.61615826
0.59095846
0.57712981
0.59944881
0.60002203
0.58260772
0.57813290
0.62991944
0.65857027
0.80101679
0.69243103
0.36437252
0.32018266
0.26698095
0.17678640
0.27429043
0.29543187
0.39404560
0.37132898
0.39508797
0.41890080
0.48651015
0.43135548
0.43768258
0.45376234
0.48250573
0.52029012
0.47442574
0.37287171
0.34600375
0.33707976
0.42213948
0.56117656
0.50102283
0.47486786
0.40049078
0.45834224
0.47097732
0.43331183
0.30257524
0.20769357
0.15319483
0.29226929
0.35294724
0.33012366
0.29597269
0.32425418
0.33524681
0.38807189
0.40413112
0.41712129
0.40093010
0.36655359
0.36804384
0.37072908
0.32417480
0.22901454
0.41844739
0.51712333
0.55533514
0.55886021
0.56598177
0.59449813
0.58443761
0.58509068
0.62464202
0.61747774
0.60124269
0.59013623
0.62155589
0.58321223
0.60167383
0.61121769
0.65111171
0.73572448
0.71972669
0.29214366
0.19372775
0.19020686
0.19446056
0.25726546
0.25885315
0.26803476
0.34094988
0.35658248
0.36291148
0.53036614
0.58322243
0.55904080
0.54920026
0.54467900
0.60613465
0.65352318
0.62188383
0.59870778
0.60784728
0.63206976
0.60518989
0.55787809
0.47209093
0.42049385
0.42244939
0.46217188
0.45820402
0.34924202
0.23235911
0.15603659
0.30862372
0.37170147
0.36604054
0.40056106
0.41146391
0.42889283
0.42479691
0.41387492
0.41409938
0.40130411
0.35227460
0.34152432
0.31082087
0.25107653
0.41086011
0.51319718
0.53797981
0.55227656
0.55590017
0.57779275
0.57636566
0.57008841
0.59828674
0.60909910
0.59067431
0.59029025
0.67728513
0.65351771
0.58767441
0.59108617
0.60876656
0.63703405
0.62666001
0.28519171
0.16049629
0.11843971
0.23935545
0.22651869
0.18966240
0.40011302
0.41525616
0.38218918
0.35091707
0.45125938
0.58797207
0.62905865
0.60249751
0.56873894
0.64447332
0.72423699
0.70747578
0.67225258
0.61398480
0.62542070
0.62471637
0.55647358
0.46801357
0.41663920
0.41635389
0.43359801
0.41818058
0.39864705
0.29028789
0.23917518
0.39833883
0.48782309
0.49853947
0.47809912
0.44720001
0.45256967
0.42712069
0.41272669
0.41404585
0.36603333
0.33576889
0.30759551
0.25858623
0.16620358
0.48245751
0.49989933
0.54992150
0.55957431
0.58217889
0.57943824
0.54776334
0.53939692
0.57119375
0.59426914
0.57296977
0.58037427
0.63446468
0.58773863
0.58018699
0.58404808
0.58208195
0.52804220
0.29446491
0.12019005
0.13049563
0.28532108
0.22152738
0.14861382
0.46965227
0.60719119
0.42017202
0.35956670
0.46269141
0.52796877
0.59825494
0.59832394
0.60125323
0.64065237
0.67610169
0.70530081
0.68397960
0.66814762
0.62624086
0.62594712
0.60448230
0.52998707
0.43278264
0.40484215
0.40656689
0.40423281
0.42179776
0.38356662
0.34826866
0.42694298
0.49054451
0.48743729
0.46581452
0.44546401
0.42363261
0.40401730
0.39581376
0.37381473
0.36115050
0.31670491
0.26130232
0.18016724
0.45982328
0.50534675
0.54256712
0.54149965
0.54604354
0.58357396
0.53858666
0.54174494
0.59491648
0.55909314
0.55228104
0.56299585
0.53898198
0.53615962
0.54546709
0.56976088
0.56588679
0.52837544
0.28910843
0.13586621
0.12648791
0.33574347
0.28015315
0.09683639
0.15913437
0.25713025
0.41195378
0.41566695
0.40627610
0.48609051
0.52909726
0.52714880
0.59497225
0.62913315
0.65914164
0.73309181
0.74672453
0.67168440
0.66051223
0.61319090
0.60002830
0.56786740
0.50617434
0.44320520
0.40088520
0.42518308
0.43276858
0.39529162
0.37271454
0.40497755
0.43514859
0.43090179
0.44120293
0.45116435
0.40399998
0.40796224
0.35442666
0.34530739
0.28753723
0.23585909
0.19533976
0.49364770
0.53562760
0.54284795
0.53957127
0.57999394
0.54750512
0.53449524
0.53842672
0.52371339
0.54213386
0.55142834
0.54538687
0.54613709
0.55754895
0.53655408
0.54989072
0.56820832
0.38229998
0.16634343
0.11611775
0.41207319
0.36110147
0.08596251
0.09384864
0.15741362
0.38962438
0.40238926
0.40181679
0.47232861
0.51189459
0.55807051
0.57107168
0.58647070
0.64689607
0.64975772
0.68771820
0.67377226
0.66236938
0.63412174
0.59888091
0.57812933
0.52313610
0.48124688
0.43918082
0.39858148
0.39981338
0.40562500
0.38404663
0.41545458
0.44452679
0.45152977
0.44818124
0.43813948
0.37505732
0.36209240
0.31965281
0.27736380
0.23382599
0.21956521
0.45505890
0.53407778
0.54842544
0.53523764
0.54491852
0.54902166
0.51156743
0.52852587
0.50478307
0.56602416
0.56494918
0.52584871
0.53413904
0.54527886
0.53447153
0.53836550
0.50558209
0.40471870
0.19434124
0.13187809
0.48230672
0.40207783
0.10544142
0.08451900
0.15652984
0.31341764
0.41012852
0.43574796
0.48014878
0.49796694
0.59358550
0.56015863
0.58398728
0.60478601
0.62486712
0.68378158
0.67698919
0.65877888
0.64391840
0.62421830
0.55898482
0.50057550
0.50789267
0.49689537
0.43117725
0.42144799
0.43458403
0.42342603
0.42719193
0.47773521
0.43456171
0.39145739
0.34420668
0.32690060
0.30334962
0.26949581
0.24176871
0.23955985
0.49154734
0.51095324
0.50738205
0.51178638
0.52876575
0.51981915
0.48481775
0.49891579
0.51705257
0.54142465
0.52444159
0.50873458
0.49795173
0.52282064
0.52015846
0.47921898
0.40096797
0.21035833
0.16380784
0.47539096
0.40271766
0.15843295
0.10820250
0.24670981
0.43812182
0.48676027
0.45573318
0.50793297
0.56381632
0.61754041
0.58502584
0.57595016
0.59942587
0.58314368
0.65665913
0.65036665
0.64390265
0.63594838
0.61088532
0.55827833
0.52120596
0.49129557
0.50498778
0.47111412
0.44842328
0.42752248
0.41931336
0.43514049
0.42815908
0.37653458
0.34948074
0.31433598
0.28532885
0.26032567
0.25693249
0.25175612
0.44992413
0.47357434
0.48455288
0.50921934
0.48556118
0.45739847
0.46734025
0.44197097
0.46411143
0.47596022
0.45051661
0.45764431
0.49634744
0.51714598
0.44193103
0.30699644
0.21304560
0.15157213
0.41362147
0.38667694
0.21572409
0.15250663
0.35900289
0.42420697
0.46065052
0.45729434
0.52565665
0.58489572
0.63178452
0.59276037
0.57343596
0.59660120
0.58506049
0.62782133
0.61552944
0.59586799
0.58908012
0.55759070
0.52693389
0.50371396
0.49489975
0.47175749
0.51149577
0.50681489
0.46985426
0.43577273
0.38936332
0.35554774
0.31966646
0.27810311
0.25436610
0.25039402
0.25475825
0.23246667
0.43428751
0.45194286
0.46160287
0.46839029
0.42115794
0.43036632
0.43048917
0.43717714
0.46875443
0.46195410
0.47710136
0.47982843
0.49633410
0.41794407
0.32770961
0.20244894
0.14019377
0.32663810
0.39504889
0.24932811
0.08846150
0.15546543
0.29861757
0.35612312
0.44984526
0.55647634
0.63264442
0.65639145
0.63972167
0.63665672
0.60918105
0.59949340
0.58817893
0.60100293
0.55668731
0.56099887
0.53306304
0.49262977
0.45897174
0.44319473
0.43253213
0.40901016
0.39606556
0.37895492
0.34354623
0.28278103
0.25552014
0.26112769
0.25343193
0.25749315
0.22685497
0.40513523
0.42685091
0.43769141
0.45240004
0.43799564
0.41948565
0.44129042
0.43108530
0.45174399
0.46143231
0.45005904
0.46802528
0.46950841
0.42681278
0.27475304
0.17681875
0.13969012
0.26988489
0.36764657
0.26332874
0.14449249
0.10434222
0.17563910
0.35403939
0.46938949
0.56266255
0.63475505
0.67006252
0.67325560
0.64692612
0.60010015
0.56199655
0.58503584
0.57218636
0.53779671
0.51323242
0.46942211
0.41513639
0.37873927
0.35666983
0.33513657
0.31787385
0.29808400
0.30008527
0.28554131
0.28346163
0.26553920
0.24625277
0.22958297
0.40477376
0.40524738
0.41903931
0.41277377
0.40005651
0.40985760
0.41048840
0.42120372
0.41119986
0.41661405
0.41609121
0.40068876
0.35122427
0.19017777
0.11852487
0.21507616
0.29418149
0.30573584
0.24839623
0.23992929
0.25104634
0.41751612
0.48594163
0.55784777
0.62756131
0.62848856
0.65374576
0.64732198
0.61302225
0.56214972
0.53205899
0.49003793
0.43548414
0.38865971
0.35955011
0.33886638
0.32248653
0.30452267
0.28076976
0.27837473
0.26252433
0.25246789
0.23478601
0.23717420
0.34148608
0.35266006
0.34681278
0.34530382
0.32982109
0.33479391
0.34094403
0.35225140
0.35282147
0.35308953
0.34411632
0.31516725
0.20470026
0.11283586
0.14016859
0.21033604
0.25338358
0.30902667
0.32479080
0.32474611
0.42667860
0.53905880
0.56658927
0.60881393
0.60336849
0.61554249
0.59685497
0.57423638
0.51884861
0.46266033
0.39711379
0.34324069
0.34119034
0.30924783
0.29491654
0.26471210
0.23422926
0.21693866
0.28354082
0.28903598
0.28054584
0.25840278
0.25614150
0.25924386
0.25959180
0.27542135
0.28606306
0.27322763
0.24523773
0.13680986
0.13881030
0.12989766
0.18656402
0.25690707
0.31631136
0.36102979
0.44755010
0.51461698
0.55158355
0.52420999
0.54254362
0.55214742
0.54360696
0.50673092
0.47025917
0.39847889
0.35571471
0.23181390
0.22706627
0.22606844
0.23792533
0.25022048
0.25120896
0.25004866
0.22274430
0.17519073
0.15819819
0.14451464
0.15306766
0.19545285
0.29849480
0.37428701
0.43122192
0.43721345
0.43612261
0.44290417
0.42850476
0.42259373
0.43329541
0.39548454
0.34972253
0.22140175
0.22947827
0.24533066
0.29320717
0.34037434
0.36311172
0.35783516
0.34312896
0.32474069
0.31886510
