0.13514777
0.13703473
0.15247914
0.15155902
0.15037279
0.14304577
0.13380904
0.14293840
0.12577873
0.15473650
0.17216935
0.18628017
0.19291661
0.17690517
0.17084117
0.13882749
0.12899859
0.12064436
0.11103869
0.13365102
0.12434896
0.12728238
0.17362819
0.20266399
0.10935961
0.15138447
0.19164231
0.21675370
0.24278774
0.23728117
0.23173556
0.23199430
0.21694336
0.22948819
0.21433076
0.18300806
0.18257122
0.17626374
0.17011814
0.16912089
0.18047842
0.15995444
0.13154491
0.10261976
0.15066202
0.21840411
0.23080285
0.26681389
0.27465209
0.27757292
0.27493004
0.26745119
0.27783423
0.27906961
0.27164998
0.25280937
0.22819884
0.23571868
0.22509532
0.25242268
0.27584588
0.27942933
0.27228960
0.23630569
0.19978156
0.17158646
0.12251139
0.11316469
0.14721480
0.14976174
0.20602358
0.27048280
0.28503728
0.29616189
0.31050373
0.31514333
0.32477886
0.33000437
0.32726694
0.31059851
0.29051189
0.27218212
0.25091469
0.23797993
0.25840464
0.29107481
0.32394703
0.33954875
0.33271385
0.30263964
0.23129065
0.17390381
0.10964612
0.14563143
0.18059095
0.17510573
0.14675442
0.08723385
0.07980724
0.07770112
0.07772557
0.09765084
0.10357514
0.14326907
0.16336273
0.15612081
0.13797767
0.20687525
0.26795426
0.33451292
0.34249227
0.34664648
0.34314737
0.36371309
0.35607535
0.35101293
0.34206098
0.32674938
0.29141323
0.23856594
0.19696339
0.18543007
0.19380455
0.19156370
0.19944063
0.22363032
0.23304097
0.22023994
0.21821719
0.20519528
0.14759818
0.12583037
0.15435396
0.18349885
0.16216943
0.15205591
0.13165510
0.14392034
0.13225916
0.11772096
0.11730439
0.13126244
0.13795287
0.13542197
0.12619617
0.08078530
0.11287705
0.16518835
0.16799896
0.17505408
0.15862531
0.11874530
0.07394204
0.22036896
0.30088615
0.34681106
0.37826799
0.37775933
0.38182450
0.41875309
0.39029417
0.39918433
0.35231627
0.32803515
0.30293757
0.22024811
0.22664656
0.24527915
0.21662463
0.23595875
0.22463814
0.26137216
0.28874662
0.29611544
0.24349407
0.22887418
0.18431985
0.14805435
0.13035762
0.13914348
0.17622706
0.17975214
0.16204716
0.16083269
0.16403848
0.16897328
0.18449747
0.18075271
0.18383565
0.18888816
0.18625091
0.19718231
0.17694553
0.09743357
0.07675458
0.13983449
0.25106225
0.21681223
0.12206245
0.07951845
0.02860101
0.11477928
0.19394868
0.28106666
0.33178008
0.37026650
0.38802280
0.41085338
0.43644348
0.42112860
0.42859779
0.40222035
0.34503886
0.27953184
0.20807584
0.27500650
0.25027894
0.23521544
0.26562710
0.27190819
0.25873173
0.30603983
0.30027229
0.28656973
0.27375750
0.23816686
0.19007839
0.15685121
0.14376972
0.14847765
0.15249110
0.15831517
0.16831156
0.18178714
0.19456042
0.19687697
0.20297981
0.21810703
0.21055163
0.21480357
0.21776895
0.22899216
0.20287715
0.16152917
0.09534819
0.08051436
0.17803358
0.26964189
0.19953804
0.12213489
0.03299889
0.07885692
0.18483228
0.22688565
0.23330414
0.29492200
0.35458550
0.40446111
0.42425876
0.45878010
0.48564557
0.46186560
0.43203589
0.34491623
0.23545886
0.27793437
0.26512452
0.26285958
0.29540205
0.29530510
0.25465192
0.28332821
0.33422069
0.31731290
0.28469158
0.27399939
0.27718665
0.25502861
0.20417644
0.18104346
0.15398681
0.13431662
0.12496944
0.13221198
0.13863696
0.19615639
0.21634786
0.23018437
0.22686818
0.22515232
0.21389722
0.22292461
0.24275789
0.23569124
0.25238997
0.23622155
0.18958772
0.12834208
0.06910555
0.19635057
0.29484220
0.19128998
0.14022041
0.02480691
0.07150480
0.19139012
0.26784456
0.21458547
0.29446627
0.37762701
0.40497116
0.43956877
0.45696154
0.48874764
0.49272054
0.43361927
0.30655008
0.23953840
0.27963522
0.27561856
0.29040609
0.28024465
0.25182170
0.21929845
0.22433499
0.32895750
0.31141390
0.28170954
0.26091413
0.26935924
0.27952117
0.22653196
0.20894387
0.20234981
0.16634707
0.14391300
0.14332317
0.12925288
0.10817051
0.19889625
0.22282692
0.23479174
0.23901393
0.24840967
0.24667699
0.23156324
0.23896414
0.24842375
0.24709558
0.26899609
0.26826751
0.22627076
0.17399303
0.06518588
0.25940193
0.31327253
0.21404854
0.14528205
0.03204804
0.05850774
0.18641933
0.28396128
0.22519584
0.29489438
0.39511364
0.40717939
0.44941455
0.47057904
0.51679547
0.52224957
0.39569299
0.26573619
0.34509305
0.30546741
0.27112865
0.27254409
0.25878408
0.24358606
0.13227951
0.12014050
0.21446511
0.24786920
0.28627984
0.26121761
0.23631216
0.22842900
0.25044953
0.22292848
0.20533273
0.20964411
0.18280678
0.15958754
0.15888903
0.13308188
0.11876666
0.23371800
0.25018600
0.25040706
0.24609419
0.25540868
0.26331077
0.27440614
0.24272169
0.27074980
0.26332316
0.27781780
0.29090261
0.21490325
0.15800690
0.07227444
0.22499463
0.35883301
0.25836887
0.16369350
0.06480203
0.07454250
0.24603423
0.33354475
0.24023893
0.28849566
0.36760870
0.42693438
0.44766836
0.47721139
0.49504902
0.46722249
0.36544832
0.30315597
0.36557749
0.32573610
0.26191953
0.22948547
0.20298166
0.17415561
0.08718648
0.05594346
0.11339385
0.10576355
0.18922031
0.24196180
0.24096134
0.20485699
0.19142587
0.19788656
0.19109853
0.19221296
0.19420173
0.19596006
0.18763679
0.16499138
0.14739122
0.12023608
0.24246558
0.26604567
0.26863262
0.27117908
0.27696316
0.27238419
0.27054734
0.29881755
0.28039458
0.29336091
0.30180740
0.30763991
0.29974826
0.24236579
0.13228227
0.07593341
0.14346576
0.35207357
0.27836849
0.21039996
0.08521703
0.12990428
0.26110776
0.29158938
0.24799731
0.30188802
0.38010671
0.40527185
0.43569172
0.44262049
0.44958764
0.45270222
0.35957289
0.36735346
0.35396919
0.29409168
0.24117875
0.21243219
0.21260331
0.13957999
0.09118063
0.08382781
0.11301867
0.09050023
0.07962219
0.14024586
0.21645053
0.24018081
0.21552398
0.20480123
0.20048689
0.21314179
0.20542607
0.21984930
0.21381155
0.24309787
0.23118781
0.19025170
0.23771189
0.28789878
0.29034320
0.29792432
0.30298742
0.29975758
0.28994853
0.29898162
0.31138300
0.28661160
0.31037288
0.32906338
0.33571791
0.34491064
0.28678779
0.13638435
0.07724101
0.11507921
0.32647898
0.27367485
0.23444731
0.20911559
0.49040496
0.31357624
0.26247502
0.25126223
0.34161410
0.38105746
0.43443491
0.44101375
0.44881931
0.44474025
0.43027915
0.37255438
0.38161109
0.37481251
0.28283632
0.21745811
0.21117242
0.22212642
0.15393372
0.11209616
0.13485881
0.15340550
0.12595140
0.10048200
0.08897318
0.17053371
0.22305703
0.23790330
0.23767592
0.22970426
0.19925777
0.19747191
0.17657487
0.18958445
0.21830617
0.25757171
0.23406261
0.29181847
0.30692524
0.31893697
0.32523029
0.31574652
0.32129026
0.31158874
0.31193229
0.32383142
0.30246872
0.32470660
0.34790035
0.35431160
0.35243236
0.28452721
0.14204372
0.08789738
0.08730154
0.25992258
0.28854041
0.20036952
0.14726479
0.44699443
0.26076471
0.23285677
0.24374473
0.38983600
0.38010208
0.40240113
0.40366521
0.39395297
0.40786063
0.35538970
0.23370823
0.19344331
0.30180492
0.26668071
0.23699615
0.25905422
0.26045483
0.18750616
0.12933711
0.16554737
0.21920246
0.18343169
0.13844762
0.09076004
0.19297928
0.24569279
0.26685401
0.26367307
0.27788921
0.26621464
0.24646257
0.22076873
0.22422044
0.22419237
0.23140305
0.22996475
0.22920611
0.23642323
0.32494096
0.34856597
0.35184538
0.34026822
0.32049864
0.32267794
0.32906403
0.31824149
0.33075448
0.33552336
0.34318261
0.36591222
0.36600171
0.34992078
0.31602348
0.13148281
0.13607211
0.09467946
0.18467768
0.31843338
0.18654291
0.16079472
0.26276190
0.23483465
0.22857989
0.26941155
0.40497189
0.40151234
0.34042264
0.32224678
0.35339740
0.28196678
0.18097089
0.15742509
0.13288053
0.14224999
0.26309835
0.26172267
0.31119265
0.31663573
0.21119715
0.15234929
0.18400804
0.25949343
0.22004127
0.18026061
0.12200732
0.14513912
0.27282313
0.29068788
0.28443136
0.28568362
0.28218881
0.26781864
0.27138232
0.29379334
0.29005753
0.29130044
0.26898315
0.25380303
0.26823338
0.35550210
0.37797744
0.37174388
0.35463683
0.34224466
0.35673905
0.33971768
0.32975014
0.34449133
0.32741957
0.34773022
0.38187815
0.39666329
0.36697120
0.33367908
0.18868026
0.15570287
0.16058622
0.14220957
0.25939048
0.27883069
0.17509585
0.14859947
0.24061838
0.29497539
0.33539996
0.35555463
0.26537918
0.24418208
0.25941556
0.25492199
0.21913967
0.18486809
0.11193611
0.16344157
0.13742183
0.25626107
0.28842590
0.33831124
0.39399309
0.25626259
0.18061816
0.18100262
0.28394410
0.25352052
0.20561178
0.15063236
0.13366965
0.29352079
0.24947687
0.23296519
0.28897568
0.30000594
0.30317634
0.29336544
0.30286933
0.30650872
0.24953004
0.22998803
0.26002466
0.15268078
0.27600583
0.35788762
0.38612367
0.38051237
0.36282510
0.34483290
0.36195275
0.35899492
0.35664226
0.34484254
0.35336084
0.37532842
0.37933858
0.41295481
0.39678143
0.35710670
0.22801037
0.17402337
0.20838230
0.19269897
0.15587054
0.24274954
0.19925443
0.25899237
0.26888909
0.29493547
0.27278650
0.22495411
0.20334339
0.22447637
0.20443949
0.23750846
0.26729623
0.22959237
0.06641383
0.07773718
0.19993676
0.27870263
0.31843400
0.36314015
0.41767035
0.29358670
0.21936865
0.17434167
0.28000269
0.29449592
0.22086647
0.17128052
0.13358495
0.23152230
0.23173889
0.21621972
0.28089271
0.29373970
0.30035404
0.32181716
0.29510738
0.25290991
0.23981341
0.23875920
0.20584097
0.19779793
0.31274245
0.37103043
0.38854265
0.38345550
0.37687660
0.35518355
0.36305894
0.38002033
0.37395013
0.38212382
0.39054813
0.38643705
0.40416971
0.41779637
0.42507912
0.39168957
0.37339864
0.23948859
0.25339599
0.25761594
0.16667362
0.15139200
0.16287692
0.17249844
0.19576402
0.18743227
0.18678889
0.20577221
0.21246927
0.21851456
0.23742303
0.26301866
0.27029244
0.21290962
0.12177303
0.00600314
0.19792684
0.28793453
0.33684622
0.39460498
0.43161041
0.29190016
0.23374563
0.16719188
0.26258252
0.30140347
0.22000508
0.17795356
0.14862013
0.22396237
0.25511186
0.27068236
0.31245004
0.32362820
0.33542512
0.32872974
0.33396543
0.30388322
0.24296528
0.24184188
0.20010472
0.20794111
0.33230725
0.38453909
0.39261508
0.38822661
0.37749587
0.37226649
0.35644114
0.38500912
0.37445993
0.37959415
0.39749047
0.39798950
0.42087058
0.43250522
0.42259727
0.41115124
0.38256533
0.33944846
0.33803165
0.28530015
0.26530779
0.18162385
0.15645992
0.18217990
0.17759660
0.19932838
0.21973717
0.23214565
0.26485427
0.29786350
0.32961271
0.35195176
0.35691839
0.26746595
0.23401311
0.08778601
0.03901625
0.21046574
0.35327561
0.35761886
0.36775639
0.27771793
0.26605869
0.17286785
0.27165833
0.33478081
0.26807641
0.19660007
0.14379013
0.22295451
0.31126575
0.31173512
0.32172034
0.33124042
0.33903418
0.36965506
0.29712151
0.29391992
0.26679199
0.25908986
0.21169168
0.11246275
0.23511912
0.35148435
0.38689583
0.39507776
0.39483600
0.37801497
0.37976153
0.37496162
0.39524640
0.38967745
0.39906535
0.39369840
0.41278060
0.43679205
0.42455954
0.44245824
0.44973036
0.46153145
0.33891548
0.24119653
0.26287995
0.30631935
0.32053808
0.26962343
0.25621384
0.29873010
0.32260187
0.31080986
0.30654868
0.35939812
0.38887332
0.41875746
0.45033858
0.46248907
0.39715173
0.31843142
0.27520177
0.12748199
0.09194943
0.28734413
0.28709387
0.27048590
0.28023895
0.28763316
0.24994332
0.27020353
0.35257856
0.32659890
0.20565856
0.14070098
0.23556270
0.33627355
0.32397686
0.35253741
0.36604877
0.35178183
0.33824056
0.30192548
0.28374023
0.24254573
0.23041317
0.20652013
0.14650575
0.26187552
0.34578632
0.38281361
0.39950307
0.40160279
0.39945105
0.39816083
0.40408610
0.41060796
0.42059922
0.43624742
0.44670054
0.43414362
0.43132132
0.43892983
0.43863513
0.47116242
0.55989133
0.46092466
0.43007485
0.35193530
0.37798528
0.44078200
0.40487861
0.39347497
0.42049425
0.45414417
0.42693496
0.41870368
0.43758693
0.44465243
0.49620653
0.58466530
0.73442847
0.50178825
0.37800707
0.30390845
0.20294908
0.08670236
0.27753844
0.30089013
0.29531661
0.30394629
0.29524425
0.26184402
0.26598821
0.33353853
0.37121328
0.21083478
0.15339984
0.27286760
0.36271220
0.32114527
0.31638994
0.35857785
0.38370034
0.38241693
0.31768652
0.27167468
0.24441678
0.21747737
0.23966485
0.18394752
0.28218009
0.35533505
0.37741589
0.39440999
0.41859181
0.41534753
0.40822748
0.42866261
0.44385131
0.43925277
0.44927658
0.47085692
0.45093464
0.43355418
0.42455720
0.43576019
0.46197948
0.56048544
0.56870421
0.45479651
0.44346090
0.47133885
0.52597231
0.46912207
0.43557368
0.43163790
0.43684224
0.42219124
0.42437082
0.42689994
0.42857999
0.47940748
0.59218250
0.79391591
0.49663700
0.38343666
0.31759415
0.19333131
0.15167176
0.37908780
0.39705909
0.35523817
0.36569375
0.31877454
0.27653190
0.22191611
0.28348075
0.29636749
0.20641523
0.15916441
0.27757351
0.35454079
0.41367687
0.33417150
0.35159324
0.38480388
0.35918481
0.33323722
0.25857544
0.29915696
0.27917747
0.29844236
0.17291606
0.26940511
0.36641546
0.38650494
0.40438866
0.42865786
0.43665852
0.42507103
0.43616313
0.45094932
0.43946756
0.45115347
0.49150907
0.45078043
0.43052831
0.42614699
0.44438626
0.46542629
0.61346952
0.58794120
0.48978790
0.43178846
0.44005561
0.53082211
0.48114252
0.43706409
0.44044680
0.42931891
0.44786281
0.43529484
0.44598404
0.48148684
0.48145186
0.50015421
0.51757195
0.44182434
0.35587498
0.22242162
0.14041951
0.27255931
0.39615764
0.39202708
0.37458855
0.43064768
0.34612399
0.28859874
0.19202277
0.26000984
0.23912525
0.21117245
0.16936176
0.23204776
0.32737468
0.39000737
0.37774670
0.37346640
0.36170242
0.32541652
0.31855360
0.28261033
0.33022724
0.34273675
0.30553562
0.17791759
0.25735374
0.32868768
0.40308798
0.42669247
0.44067204
0.45850046
0.43111424
0.44618490
0.44430775
0.45369747
0.43827298
0.49084865
0.44743784
0.42591832
0.43261037
0.47720858
0.49287443
0.55056864
0.44827162
0.34454717
0.35080022
0.35580592
0.45187883
0.42583095
0.38465534
0.38899938
0.38809282
0.35265551
0.35887244
0.35883388
0.39292800
0.39809670
0.39293156
0.42856671
0.36623929
0.30049225
0.06381161
0.19836542
0.31983732
0.32212782
0.34881217
0.34787607
0.40923664
0.38219623
0.28660623
0.22006234
0.23266742
0.21913115
0.21254345
0.19209208
0.20777480
0.28660398
0.33638897
0.38089173
0.36727109
0.32785921
0.30442277
0.29020133
0.30165925
0.31351698
0.29955171
0.27451402
0.17399049
0.27784949
0.35061908
0.40362454
0.42707619
0.44452280
0.45537388
0.43487451
0.45388558
0.45993805
0.46445974
0.46635695
0.48611652
0.44502575
0.42778942
0.44246538
0.48482635
0.51189809
0.48776022
0.41103386
0.36055229
0.34060863
0.33960367
0.34806135
0.30651991
0.26645530
0.25146886
0.28762799
0.30296834
0.31769125
0.30937893
0.31926836
0.30804168
0.34248599
0.39457537
0.37064506
0.28026428
0.01221744
0.16372134
0.32439441
0.28157217
0.33400528
0.32595585
0.37338408
0.38339490
0.30144695
0.21029433
0.18875049
0.19430905
0.20078354
0.19818568
0.24490944
0.29676510
0.31497462
0.33790145
0.34899357
0.33414142
0.29493732
0.28840035
0.33366685
0.34507741
0.31612750
0.31378332
0.15976241
0.27297183
0.38183222
0.41474804
0.43368882
0.43856016
0.44809976
0.43723022
0.45360369
0.45069787
0.44649196
0.45320334
0.46608153
0.43280141
0.43248270
0.46340510
0.50646327
0.51903677
0.48712493
0.41603124
0.30795564
0.33459601
0.34665583
0.26207238
0.22591223
0.20915855
0.19820110
0.21393733
0.25126725
0.29223200
0.30533520
0.31929922
0.30431243
0.27605705
0.34056124
0.36711608
0.30242956
0.07242246
0.18705776
0.25588460
0.26893779
0.33683523
0.31643736
0.33257031
0.37772470
0.32356662
0.23095969
0.15209012
0.18497286
0.18892865
0.21897642
0.26337078
0.29683777
0.30987054
0.30824925
0.30925323
0.31007417
0.29908985
0.32861766
0.34615330
0.34713868
0.31666168
0.26779477
0.15811840
0.30923739
0.39198379
0.40072691
0.42680055
0.43013848
0.44678658
0.43120614
0.45135858
0.44221191
0.42492727
0.43031341
0.46575440
0.43119729
0.42298369
0.47235509
0.48021916
0.52923834
0.58634868
0.45454958
0.33276723
0.29278330
0.27511030
0.21179137
0.19900611
0.25380608
0.32443930
0.35716893
0.28269193
0.29717991
0.29374018
0.31026937
0.33238434
0.33536241
0.28768317
0.29207060
0.31395800
0.28148274
0.25517857
0.16398379
0.35663606
0.38612931
0.36319628
0.31675819
0.35701807
0.33823138
0.24776324
0.14781628
0.16883063
0.20441450
0.25347345
0.33729938
0.32860347
0.31881649
0.31001353
0.30885023
0.31212205
0.27881888
0.28810284
0.29274072
0.29113273
0.27072781
0.24199693
0.30568830
0.37719788
0.40974772
0.41902461
0.42695639
0.44304817
0.42860536
0.43009017
0.45552654
0.42028271
0.43858673
0.45634629
0.42889572
0.42089429
0.45131766
0.43645809
0.49338960
0.49503404
0.29809930
0.24654148
0.24428593
0.18937673
0.24281082
0.19496166
0.27969917
0.23159898
0.28312417
0.27088819
0.35499553
0.36723884
0.33263751
0.34594709
0.36002923
0.40984327
0.41668927
0.32859624
0.28034125
0.27219594
0.35796123
0.43987156
0.42305181
0.36159232
0.31227498
0.34275677
0.34120888
0.27126307
0.17170623
0.11294540
0.22895279
0.30669692
0.34873879
0.32380972
0.29917744
0.30381378
0.30212135
0.31387191
0.27998131
0.27451503
0.26181634
0.24689632
0.22925934
0.21114334
0.28025619
0.35914553
0.40942456
0.41968290
0.43439966
0.44317091
0.42505452
0.42884999
0.46389191
0.44793028
0.43840588
0.45630962
0.44336182
0.44142222
0.43841212
0.44472526
0.48287992
0.48483728
0.22481738
0.15722855
0.18229308
0.19253217
0.26028956
0.16966870
0.14692855
0.22164045
0.23324280
0.23862130
0.28601557
0.41932959
0.44400844
0.42782713
0.39681195
0.43580962
0.49699471
0.49052555
0.49187238
0.48134710
0.47689546
0.45842396
0.44438110
0.37548239
0.31027040
0.31862962
0.36040519
0.30918659
0.21680463
0.10588375
0.26377075
0.34600993
0.35555134
0.30842927
0.27811916
0.28235509
0.29781296
0.29227632
0.28605188
0.26595397
0.25977302
0.22905726
0.21190451
0.25223802
0.35033037
0.40054670
0.41510943
0.42214671
0.42935548
0.42334253
0.42686373
0.45316375
0.44475871
0.43120879
0.47185462
0.49587510
0.44560480
0.44040531
0.43266216
0.45701528
0.40270730
0.21564359
0.13056169
0.12473949
0.21916063
0.24393673
0.15821033
0.14479522
0.35528988
0.24190003
0.24782703
0.27429744
0.35761398
0.45368809
0.47617315
0.43832210
0.46608081
0.51446890
0.54494958
0.52167204
0.50491375
0.48912406
0.48359900
0.44348032
0.37883314
0.33444972
0.32530250
0.32733197
0.32199161
0.28028471
0.17867220
0.30779637
0.39869701
0.34636402
0.33085175
0.30808380
0.29444611
0.28998649
0.28345097
0.26649769
0.23610371
0.22683900
0.21731320
0.31972086
0.36666492
0.41047961
0.42426599
0.43891349
0.42331422
0.39642272
0.41101354
0.42959119
0.41979199
0.41744830
0.45076216
0.44062394
0.43603194
0.43394044
0.42703246
0.38633151
0.17757872
0.09546981
0.10976806
0.28333777
0.22964285
0.12314923
0.09386966
0.13612744
0.22969704
0.25103169
0.26718811
0.33628774
0.41522837
0.43493877
0.43021424
0.45943708
0.48895646
0.54182497
0.53864127
0.54225764
0.53085467
0.48797776
0.47528005
0.42258769
0.34389878
0.30724015
0.30568187
0.31484079
0.31812660
0.28522776
0.36656812
0.40254549
0.35879702
0.32411543
0.30715745
0.27573951
0.29618876
0.28210547
0.25084640
0.22980548
0.23635029
0.20513440
0.29838780
0.36193977
0.40378883
0.41212694
0.42092692
0.43697915
0.39786514
0.41817209
0.42596342
0.40727593
0.41276471
0.40081820
0.39092685
0.40232256
0.42279074
0.41343460
0.36917282
0.16190547
0.12054302
0.10555818
0.34470521
0.29246950
0.14161574
0.08704042
0.06458194
0.20844267
0.33395167
0.27678444
0.33298579
0.37484585
0.42673308
0.42433950
0.45585372
0.48880200
0.53579821
0.58066778
0.55395942
0.55343164
0.52373311
0.49656054
0.44928960
0.37730396
0.33759297
0.29978228
0.31895060
0.33142017
0.30371143
0.30323886
0.36412655
0.34365713
0.31961288
0.30720549
0.26439738
0.28906312
0.26090555
0.24955559
0.22357650
0.21326624
0.33536362
0.39724511
0.42501740
0.42199601
0.44412918
0.41115029
0.39559095
0.40695549
0.39589835
0.41324190
0.41277436
0.40000597
0.41486261
0.39784863
0.40784105
0.41080340
0.22436437
0.11280317
0.10467596
0.39330502
0.35414780
0.16655256
0.12492737
0.13393685
0.18395275
0.32477716
0.34524122
0.31268458
0.38160221
0.43366475
0.42946798
0.44308742
0.47361902
0.48630719
0.53306033
0.53777599
0.54844610
0.53031606
0.51546630
0.49087662
0.41692181
0.37281157
0.31384326
0.29536478
0.30777059
0.30778080
0.30235363
0.33265382
0.35460576
0.32287688
0.26474176
0.24724817
0.26698525
0.25585508
0.24203709
0.23324687
0.29974758
0.38870823
0.43333491
0.42377597
0.42250390
0.41548889
0.38356978
0.40414769
0.38313096
0.41870266
0.38714485
0.39766685
0.40732525
0.40081530
0.40606912
0.37287095
0.27374632
0.11621037
0.12975404
0.42425527
0.38586719
0.23029069
0.07879644
0.12589183
0.19292185
0.32125293
0.36532286
0.32916972
0.39395192
0.46485742
0.44544898
0.42268546
0.45490397
0.45867335
0.50403170
0.54359634
0.53106175
0.53955645
0.53931698
0.50390608
0.43867083
0.40250766
0.35216827
0.32280664
0.30053001
0.32105580
0.32026460
0.29816716
0.32605293
0.29760355
0.25669865
0.25190773
0.24626126
0.23750611
0.23495199
0.33824963
0.38626980
0.38686410
0.39385141
0.39988862
0.39085165
0.36461990
0.38781905
0.40428399
0.39356679
0.38261120
0.37921662
0.39224763
0.39022846
0.35674200
0.27460143
0.14572746
0.15843728
0.40935240
0.36386082
0.27209633
0.16903301
0.39193183
0.36561808
0.38775742
0.36613398
0.34469316
0.42918022
0.46746925
0.47659100
0.42269256
0.44807646
0.43212779
0.49908856
0.52921690
0.50869817
0.53024419
0.52590505
0.50297720
0.46953842
0.42396569
0.38487042
0.35265717
0.31667955
0.31702915
0.29412456
0.28014349
0.29327178
0.27831777
0.24529176
0.24194580
0.22394286
0.22458069
0.32964400
0.34989452
0.36473658
0.37884405
0.35605874
0.34860606
0.35758922
0.35218913
0.36337779
0.34282126
0.33143848
0.37438242
0.39302566
0.32641287
0.21745783
0.15451710
0.13768858
0.35938812
0.35642906
0.25867628
0.12059695
0.24465282
0.28264263
0.34177164
0.34232056
0.36080222
0.42962830
0.49585899
0.49334924
0.44634828
0.43903026
0.44313053
0.47699735
0.49072397
0.47692398
0.49145976
0.47834137
0.46447132
0.45669509
0.43212548
0.40244680
0.37480154
0.35512193
0.34018135
0.31820796
0.31278097
0.27336792
0.25176121
0.22709121
0.22955015
0.24029957
0.31423859
0.34019992
0.34448007
0.34076989
0.31268298
0.32046821
0.31335278
0.33702326
0.33983037
0.34581840
0.36671916
0.37546954
0.30496542
0.24049009
0.13535291
0.11917668
0.29764154
0.34277491
0.26620965
0.18588124
0.05655293
0.16350888
0.25450318
0.30780138
0.38992999
0.45061406
0.50703160
0.53168455
0.49959294
0.47373056
0.45012317
0.49706787
0.48405104
0.47353714
0.46218439
0.45609104
0.44003162
0.42338678
0.41069195
0.37738569
0.37532096
0.35567256
0.32873703
0.30599462
0.28043087
0.23205165
0.22971875
0.24137070
0.30277566
0.31248556
0.33386594
0.31422221
0.30174389
0.31566864
0.31380418
0.33739708
0.34502114
0.35346940
0.37260927
0.32203316
0.20528266
0.13369668
0.12415265
0.24521266
0.32396198
0.28790459
0.18237962
0.11921591
0.08693998
0.16954016
0.29655961
0.38208755
0.43597554
0.52784790
0.55866294
0.54050187
0.48941318
0.46112112
0.46478345
0.48724284
0.46800045
0.46444411
0.43463552
0.38930280
0.35328563
0.33379342
0.31420707
0.29226551
0.26542420
0.25224064
0.26040495
0.26359441
0.25592243
0.30243634
0.29835487
0.30710913
0.29678094
0.28962972
0.31458368
0.32127025
0.32021355
0.32143762
0.32427966
0.31565050
0.26791164
0.15160676
0.10538070
0.22186978
0.28826242
0.28970840
0.28681412
0.22765856
0.20310747
0.18680118
0.30117718
0.35255750
0.42582639
0.49511007
0.51593217
0.52664707
0.52909770
0.48986020
0.46403781
0.43392768
0.41130832
0.37116808
0.34605618
0.31282341
0.28717177
0.26866387
0.26568243
0.26165405
0.27554804
0.25600514
0.24436814
0.26675890
0.26685225
0.26444213
0.26567335
0.25844818
0.26842273
0.27563013
0.27147516
0.26213031
0.25734003
0.25013038
0.17616135
0.09594732
0.13149638
0.19909337
0.22890520
0.26088317
0.27138824
0.26667295
0.25280536
0.30241515
0.39072002
0.42706726
0.47184667
0.48392424
0.49893648
0.48866034
0.47990883
0.42654646
0.39102467
0.33356823
0.29787313
0.28874177
0.27161775
0.26024412
0.23989868
0.22071849
0.23293480
0.22038970
0.20910031
0.20541950
0.22123090
0.22329818
0.24332842
0.24471654
0.21547867
0.14054606
0.08688641
0.14615913
0.13492758
0.20315012
0.23969815
0.26219060
0.28437574
0.33650011
0.38380622
0.42039746
0.41332353
0.43326378
0.44558132
0.44608055
0.42193496
0.39374730
0.34062166
0.18752499
0.18951570
0.18330748
0.18405277
0.19884558
0.19034911
0.19803883
0.19373196
0.13681286
0.12197396
0.11124625
0.12534285
0.16060422
0.21893419
0.28895255
0.31930527
0.34716261
0.33737216
0.35611953
0.35298464
0.34635500
0.35825451
0.34178918
0.19057209
0.19838415
0.21008278
0.25720713
0.29085377
0.29554752
