0.14855723
0.17196079
0.17197663
0.16736553
0.18310542
0.16611620
0.15981984
0.15256375
0.15334824
0.08506114
0.12688134
0.18010524
0.20922812
0.23386536
0.23981360
0.22940801
0.22492906
0.23358361
0.23984977
0.23098070
0.22042991
0.20390089
0.19120812
0.15871791
0.14598798
0.12501084
0.11109991
0.10564678
0.11981478
0.12231191
0.11922214
0.12148605
0.07008002
0.06895029
0.03817863
0.03020279
0.02472366
0.04167651
0.08676339
0.13481826
0.18515876
0.24414957
0.28324679
0.27949697
0.28036547
0.29383173
0.31217074
0.31175710
0.27970580
0.27070912
0.26090010
0.22431296
0.20843339
0.19042078
0.16444299
0.16331125
0.15772275
0.14358541
0.13660172
0.11127940
0.10267558
0.10873743
0.11485958
0.12318862
0.12045698
0.12509994
0.12031303
0.11836280
0.10196804
0.06401296
0.06171838
0.06505422
0.06993654
0.07664313
0.08413048
0.10269616
0.07693702
0.05527530
0.05087606
0.06181773
0.10190331
0.15095009
0.17172010
0.17930938
0.21243005
0.27827290
0.31619773
0.33329354
0.34317480
0.34907656
0.34503912
0.32589496
0.31139443
0.28828441
0.26748509
0.24747692
0.23310194
0.19514950
0.17613231
0.17868867
0.16747878
0.17346715
0.14535451
0.13211630
0.12054477
0.11454670
0.12400750
0.12991485
0.14170132
0.14411546
0.14137125
0.12831092
0.12811527
0.11961198
0.10401657
0.12591348
0.12157987
0.11028887
0.10213373
0.09549399
0.09994837
0.11406864
0.12743020
0.14964326
0.13980897
0.07340695
0.07126974
0.06780946
0.09539599
0.12983520
0.14789060
0.14896125
0.13226366
0.20440512
0.27659794
0.32264018
0.35453673
0.36340208
0.36095398
0.36094547
0.34787932
0.34935236
0.31582773
0.29340798
0.29135496
0.29023421
0.26405587
0.24034068
0.23567388
0.22163127
0.21690591
0.20279994
0.20971385
0.19780883
0.17526864
0.14973970
0.12492915
0.11764890
0.11754727
0.13033228
0.13466980
0.15345125
0.15664098
0.14046644
0.12972669
0.10933843
0.16120309
0.17477161
0.18375755
0.17888320
0.16407786
0.15090382
0.15349850
0.18316850
0.18999213
0.18154469
0.16813804
0.14942450
0.08297102
0.09504851
0.12647158
0.13459139
0.12971158
0.09986944
0.07532888
0.06939089
0.19353606
0.28490400
0.34243631
0.38861315
0.43294416
0.41537713
0.38855657
0.36688566
0.35458503
0.35400011
0.34106194
0.33578812
0.33098055
0.31315088
0.30040576
0.28328954
0.28188582
0.26035506
0.26780069
0.25969137
0.25257314
0.24430462
0.23989110
0.21230682
0.19582748
0.16517127
0.15336456
0.14963797
0.14872661
0.14828493
0.14582190
0.13933919
0.14288105
0.12880301
0.19940487
0.19614631
0.20343344
0.21711888
0.20786053
0.21950580
0.22594144
0.23359427
0.22337856
0.22576445
0.22460350
0.20623378
0.12387683
0.07407617
0.09290273
0.18438012
0.19526553
0.09581323
0.06512584
0.03740054
0.11020520
0.15603505
0.25582586
0.34415153
0.39381848
0.42999183
0.40420911
0.40225475
0.39285313
0.36021064
0.37437448
0.37258958
0.35508686
0.35876434
0.36172022
0.33582782
0.32235671
0.30227598
0.30268528
0.30906239
0.31260654
0.30908790
0.30134927
0.28080056
0.29127106
0.25787944
0.21587617
0.20018949
0.19304420
0.17549620
0.15849792
0.14860966
0.14898630
0.13975191
0.12568289
0.11296097
0.21602018
0.22463516
0.22400662
0.22399453
0.24795056
0.23156564
0.25578308
0.25011851
0.25032729
0.25224370
0.24552666
0.24072546
0.20605660
0.12847417
0.09245295
0.11934167
0.21472253
0.19118296
0.13564378
0.03961382
0.11575909
0.20484570
0.20887256
0.23128930
0.30997396
0.34576940
0.40233710
0.39258352
0.39636061
0.37736497
0.38333216
0.40749670
0.38364878
0.39426306
0.38352453
0.36725786
0.36707499
0.33878141
0.31258586
0.32232934
0.31947564
0.27975746
0.24911894
0.21950761
0.22096764
0.22194304
0.23505846
0.22706652
0.22800318
0.20938774
0.20830284
0.19677045
0.18386007
0.16576949
0.15252559
0.12800016
0.10492700
0.09050728
0.08883956
0.22990534
0.24183121
0.25157148
0.24416033
0.26047751
0.23845398
0.23476829
0.25264190
0.27488374
0.25524633
0.26436291
0.28347122
0.27384885
0.23611187
0.15132871
0.11129354
0.11434856
0.22816171
0.18321852
0.14380207
0.06537383
0.21243857
0.26160155
0.25231006
0.25845432
0.28117815
0.32383424
0.35600895
0.37369681
0.37009519
0.37420805
0.37971903
0.39406054
0.39154152
0.40220586
0.40655560
0.38796098
0.37846127
0.36239617
0.33993243
0.31071561
0.28291580
0.25478881
0.23095979
0.22366621
0.22661298
0.23324485
0.24650669
0.25555239
0.24400375
0.23936269
0.23542397
0.22439747
0.21981031
0.19949080
0.18029217
0.18526782
0.16006305
0.12917355
0.10652024
0.08224026
0.23507053
0.25307114
0.25983121
0.26309563
0.26938694
0.27629659
0.26002596
0.25545503
0.26744211
0.27573358
0.26152110
0.26637168
0.29834707
0.29381722
0.27073318
0.20042137
0.14513002
0.10660454
0.28084486
0.19386832
0.12119151
0.04638515
0.09299565
0.17297585
0.23696592
0.27906887
0.25722232
0.31311893
0.36090565
0.39810122
0.36097090
0.38515837
0.39145826
0.39703608
0.42169984
0.41320848
0.42376686
0.39449685
0.38638798
0.35508759
0.33392081
0.29645688
0.25175142
0.22785468
0.21808902
0.22307481
0.22383751
0.24064652
0.24981636
0.26865099
0.27276833
0.25968286
0.24029030
0.22933797
0.23307887
0.21819034
0.20982584
0.20363381
0.19443502
0.18326530
0.15931326
0.12567794
0.09402963
0.24887042
0.26291275
0.28010621
0.27806539
0.27468202
0.28325429
0.29017573
0.28501177
0.29713624
0.26936140
0.28862914
0.27976434
0.27565906
0.29845273
0.32490906
0.28084809
0.24911412
0.13374778
0.09193417
0.29873266
0.23214051
0.10950284
0.03804400
0.07642477
0.11198561
0.26433165
0.31045642
0.28881184
0.32755751
0.35884255
0.37853842
0.35357615
0.39224546
0.39519358
0.41428594
0.43076520
0.43296043
0.44121760
0.41312941
0.40319304
0.36041857
0.31670336
0.27157846
0.23327538
0.23731300
0.25749270
0.26103448
0.23053863
0.24833930
0.26902448
0.28271468
0.28029463
0.25551016
0.26930307
0.26153927
0.25475013
0.23286251
0.21852693
0.22271676
0.21319254
0.20320287
0.18550093
0.16438854
0.13985057
0.09294274
0.27995671
0.29392088
0.29873402
0.30109475
0.30886040
0.31529723
0.28848318
0.30301748
0.31897636
0.29756911
0.30280774
0.31023899
0.32459201
0.32295496
0.31567840
0.27378531
0.22117546
0.13535359
0.07098157
0.26340244
0.24923597
0.12080009
0.12897200
0.07951872
0.14788414
0.27927266
0.27976866
0.29845750
0.32991283
0.35324001
0.34690165
0.39263551
0.40815304
0.42895899
0.47015183
0.46481029
0.45962016
0.43398448
0.41878311
0.40454634
0.33598735
0.27185247
0.25117353
0.25327472
0.26301873
0.25714744
0.23275564
0.18642044
0.23038471
0.30032355
0.26837414
0.25027790
0.25691146
0.26798880
0.27700826
0.26704766
0.25238144
0.25287306
0.24657229
0.23554998
0.22879653
0.21978467
0.21078605
0.18653629
0.15999385
0.12086006
0.30218052
0.30422105
0.30907021
0.31531100
0.31800394
0.32194117
0.32400101
0.31255003
0.33095626
0.32955021
0.30738745
0.32210551
0.33121352
0.33246129
0.34881291
0.35444077
0.32376360
0.21553350
0.09627798
0.07264363
0.17777771
0.22195237
0.14233265
0.07637515
0.14119151
0.27194080
0.30767530
0.25299660
0.31474035
0.34136107
0.35367360
0.36615633
0.41895080
0.40802866
0.43162533
0.46252094
0.46483415
0.44394965
0.42321696
0.41274656
0.38012979
0.32782316
0.27648622
0.25331665
0.25384687
0.27124147
0.26921849
0.18702887
0.12267517
0.10719080
0.24593328
0.25386400
0.21407117
0.17447217
0.19715422
0.22663879
0.22827080
0.26268899
0.25625655
0.27741257
0.27511961
0.24984791
0.24276206
0.21898351
0.21528495
0.19820298
0.19134802
0.11909093
0.28595471
0.32385165
0.31990296
0.33429010
0.34380884
0.34068721
0.34013088
0.33352031
0.33227968
0.33248305
0.33503048
0.30804262
0.32373873
0.35531531
0.36006478
0.36420618
0.37552915
0.33429602
0.19930014
0.09727957
0.06989365
0.13111864
0.20698561
0.15313791
0.20841031
0.44826900
0.39611122
0.30249932
0.23710065
0.29357510
0.35274776
0.36080571
0.42887043
0.43951888
0.43548121
0.45913970
0.44868994
0.45383660
0.44335672
0.44328915
0.41807969
0.35269404
0.31097479
0.27782396
0.27537890
0.25602125
0.26411602
0.24483706
0.17832274
0.13968784
0.07027929
0.14818651
0.18663908
0.19702714
0.18647515
0.14757890
0.16961044
0.20218545
0.23602922
0.27231827
0.28451898
0.28796426
0.28696537
0.26479102
0.25337344
0.23233508
0.22714182
0.20273012
0.16201216
0.31244902
0.34542554
0.35171722
0.35428140
0.34593845
0.33384636
0.34373621
0.34619857
0.35469579
0.34746534
0.35158334
0.34719247
0.35532651
0.37764499
0.37083026
0.38212170
0.37610259
0.34863756
0.16448918
0.11208338
0.05892120
0.10274394
0.22106531
0.14959280
0.14861709
0.40316521
0.28057514
0.26552245
0.25405233
0.29472377
0.37611661
0.38067764
0.39317526
0.40266311
0.40085794
0.40074275
0.42419783
0.41015009
0.39783604
0.40944739
0.40613214
0.37367182
0.31596894
0.27610058
0.28506393
0.29692657
0.29640750
0.22391593
0.17136765
0.11104194
0.01665780
0.01549365
0.14061568
0.21051862
0.19948912
0.20416909
0.15165754
0.16846533
0.24286746
0.27703154
0.32276994
0.33366982
0.34526765
0.30325495
0.28419219
0.24570748
0.25105661
0.22500278
0.18369233
0.13022434
0.26461348
0.33597410
0.37554667
0.37584177
0.36966378
0.36120386
0.35497002
0.36164451
0.36734362
0.36257042
0.34612283
0.35877746
0.33746152
0.34726228
0.38225024
0.39194240
0.40332343
0.37674623
0.37221905
0.21443320
0.13707655
0.10913703
0.09089372
0.20560910
0.15380937
0.15864005
0.30772910
0.25521042
0.26535618
0.26226291
0.32436855
0.34310105
0.30796130
0.31357025
0.31898710
0.34709595
0.36920143
0.31557990
0.21931794
0.14279666
0.11458897
0.28039335
0.36204313
0.30843849
0.27255673
0.28267313
0.31334423
0.30440529
0.21481940
0.17143258
0.07557239
-0.00224167
0.06395445
0.13031083
0.22737297
0.22500311
0.22023123
0.19830787
0.13795261
0.20153918
0.29776467
0.35151505
0.36717466
0.33393790
0.33012586
0.31465630
0.29621034
0.29963052
0.28845850
0.21878235
0.15018826
0.24961936
0.33576589
0.38008645
0.38733204
0.38721967
0.37267559
0.35904567
0.36740267
0.38268511
0.36516423
0.37030242
0.36183516
0.35972301
0.37408840
0.39698754
0.41909112
0.42666663
0.40594148
0.38981986
0.26717463
0.14455925
0.14611639
0.12975414
0.14055859
0.19464057
0.22861743
0.20717761
0.23554226
0.29651474
0.26764218
0.29097729
0.25086370
0.23859946
0.24617765
0.26132181
0.26466454
0.22557232
0.19458747
0.17824553
0.18396786
0.17181639
0.13374599
0.30364547
0.27412385
0.29081134
0.33097519
0.35303568
0.31383787
0.23176295
0.18140888
0.05824683
0.03434536
0.05471502
0.19697673
0.22180178
0.25922535
0.27275986
0.23669760
0.15862766
0.14494021
0.29850924
0.36723354
0.36818400
0.34735438
0.35210525
0.37019011
0.33513396
0.31666548
0.26796624
0.24197831
0.16194815
0.28338914
0.35090036
0.38715144
0.39199666
0.38601694
0.38373355
0.37204441
0.38834606
0.39395915
0.41138698
0.38126160
0.37619903
0.39651250
0.40306241
0.40488120
0.40999271
0.45418259
0.46163909
0.41989480
0.31296542
0.16659305
0.18125556
0.19093250
0.10135938
0.16493858
0.17430689
0.26425280
0.28885639
0.22682865
0.20463306
0.21662415
0.22451202
0.22083879
0.21030679
0.17971692
0.17712297
0.22344996
0.24494572
0.19915725
0.09164949
0.23174536
0.14469780
0.25760181
0.27610376
0.30214630
0.37422204
0.38752900
0.30403926
0.24431525
0.18860592
0.06320547
0.05474281
0.05582188
0.24374969
0.21385971
0.29349326
0.35928510
0.28878583
0.19374702
0.11248320
0.25719542
0.35521071
0.34191473
0.35136095
0.35646528
0.38652056
0.37361973
0.34270224
0.30556612
0.25642192
0.19189388
0.09053017
0.21075836
0.28489214
0.37668526
0.38903060
0.39273577
0.40167426
0.39970614
0.38965603
0.38794205
0.38798427
0.40615469
0.39686771
0.39822847
0.41109240
0.40817280
0.42408209
0.44459176
0.47989329
0.50606622
0.51795351
0.43900089
0.31892469
0.27435374
0.25623667
0.16545261
0.11284858
0.15011770
0.15812984
0.16645357
0.17887202
0.20219287
0.20831512
0.20332931
0.19235719
0.20873981
0.22556030
0.24672363
0.27223438
0.25745501
0.20549524
0.03601411
0.12428279
0.21709002
0.25994648
0.32805557
0.35069780
0.40063175
0.43489511
0.35011664
0.24678774
0.18863974
0.09929781
0.13459748
0.02482318
0.29184564
0.22123886
0.32663978
0.39154494
0.31116711
0.22072160
0.10916651
0.23599901
0.33979741
0.32346340
0.32830036
0.36084964
0.39069771
0.39309436
0.36382500
0.31750319
0.27705465
0.20144170
0.10673935
0.21928951
0.31926231
0.38702775
0.39267180
0.39405481
0.41319110
0.39276810
0.40525400
0.39221579
0.39500503
0.43335306
0.39402643
0.40035392
0.43270960
0.44386185
0.46349265
0.46364735
0.49574240
0.51065420
0.53250392
0.40834118
0.30481010
0.30918001
0.24103962
0.24014114
0.21460048
0.18612406
0.19085482
0.21393462
0.22429167
0.23842244
0.24650484
0.25234203
0.27542763
0.30696087
0.31352750
0.33145291
0.33448675
0.28124530
0.21443417
0.11013312
0.02516232
0.21828554
0.32093205
0.38721849
0.39160048
0.43673154
0.42073638
0.39799845
0.31489918
0.19579454
0.10700498
0.15197278
0.03969104
0.26841955
0.27731275
0.31951601
0.39552886
0.35063772
0.23772967
0.12140414
0.18441319
0.32278639
0.30544058
0.30362383
0.37991788
0.40287206
0.41513326
0.37619172
0.33998178
0.29151415
0.20442715
0.10496300
0.22386724
0.31300420
0.38685451
0.39642350
0.41245694
0.40715519
0.41502776
0.41454202
0.41857788
0.39023908
0.42446144
0.43452605
0.44063657
0.44665006
0.45324459
0.45678260
0.45475778
0.47152924
0.52041220
0.56285045
0.55878020
0.37077392
0.26098535
0.27624556
0.28110209
0.33809563
0.33714640
0.33676887
0.35819635
0.34311969
0.36025498
0.34514056
0.33664731
0.36885910
0.38607412
0.40651950
0.41282811
0.44250582
0.39805645
0.29001539
0.26517204
0.11230821
0.05650065
0.27577643
0.39804652
0.38884515
0.44848947
0.47362947
0.36897386
0.36111879
0.20426938
0.09848627
0.12377051
0.03613433
0.24297394
0.33619430
0.27993121
0.35236607
0.35219027
0.24881021
0.13351580
0.15841896
0.28952028
0.32861659
0.32316335
0.37604463
0.38680414
0.40183735
0.39162728
0.34005100
0.29113674
0.22159661
0.11281586
0.18230601
0.27196176
0.33870449
0.38909880
0.39233870
0.41785003
0.43839120
0.44786081
0.44225463
0.43231989
0.47516838
0.46106613
0.46826264
0.46930043
0.50120674
0.48146475
0.46526272
0.46786143
0.47883893
0.51958877
0.57192094
0.56399645
0.47502856
0.43022649
0.39348832
0.39106860
0.46281489
0.44956548
0.44399602
0.42856169
0.42657704
0.44005384
0.42614064
0.42748751
0.43266063
0.44135185
0.48480089
0.52136593
0.59396616
0.50392471
0.40338025
0.32811153
0.23774680
0.08967214
0.21328743
0.33086515
0.36213392
0.42346888
0.40818071
0.32046375
0.36430528
0.20957951
0.10355474
0.09692383
0.11830896
0.18089529
0.27930996
0.27992803
0.38180439
0.38705415
0.25214478
0.13868379
0.15696222
0.28942925
0.34492031
0.34671811
0.39329434
0.39740894
0.42445304
0.37854963
0.31975929
0.28415944
0.21200613
0.11627037
0.18481619
0.27028355
0.33755664
0.39312045
0.39486210
0.40820153
0.43904807
0.46507547
0.46126217
0.44298671
0.50056267
0.48542143
0.47462118
0.47940692
0.51881626
0.48225005
0.47196140
0.44346205
0.47332427
0.49496211
0.55709133
0.61439989
0.57936473
0.46000777
0.46255084
0.47901319
0.57344417
0.52425470
0.49091495
0.45863939
0.46132867
0.44347945
0.44774107
0.44086445
0.44605530
0.44781757
0.47692793
0.58012042
0.85089585
0.57491888
0.44451271
0.33633895
0.25198194
0.13715422
0.20203188
0.33339058
0.34234072
0.35863555
0.34303366
0.35243105
0.36105043
0.23567895
0.15349926
0.08887507
0.17438433
0.24605432
0.30662922
0.31561647
0.40147172
0.39177698
0.28398806
0.14652794
0.16658695
0.30412258
0.35697994
0.36828217
0.38237782
0.41080139
0.42682607
0.39495251
0.30508014
0.28207896
0.19471289
0.12737144
0.19115599
0.24238174
0.35260557
0.39031681
0.41652201
0.43163216
0.45101574
0.46472283
0.46208173
0.47317617
0.51385614
0.48874400
0.48185534
0.48459661
0.52120994
0.48872685
0.46061651
0.45091175
0.49943639
0.50072708
0.57126391
0.64821317
0.53552572
0.46645852
0.42916737
0.42571981
0.54095758
0.51442461
0.46143504
0.45677346
0.44721419
0.41609609
0.43837202
0.43090041
0.43361230
0.45865823
0.47929257
0.53480199
0.59106409
0.50210058
0.41003296
0.34467462
0.23500571
0.13877321
0.34596945
0.42156217
0.43059426
0.40334586
0.39638095
0.40612936
0.35549241
0.24527673
0.17156375
0.07337005
0.06534601
0.21290822
0.28588796
0.29035454
0.38495579
0.41039738
0.28551018
0.16023915
0.17897170
0.30701016
0.36746041
0.37862244
0.36386966
0.40331985
0.40027804
0.39527349
0.31757403
0.27385901
0.19694469
0.16166124
0.18290877
0.25440989
0.30909591
0.38277434
0.42625188
0.44527950
0.45593993
0.48268059
0.45512346
0.47055515
0.49096013
0.49416135
0.48509925
0.47556680
0.53418286
0.47656891
0.47178642
0.45995774
0.50532570
0.54221751
0.56130096
0.52136530
0.40561799
0.30828292
0.32334754
0.31859370
0.43011780
0.42451308
0.40820102
0.39197457
0.37920683
0.36631994
0.35182783
0.36704084
0.37456376
0.42051501
0.43981859
0.45071756
0.46959254
0.42944699
0.35315894
0.28699901
0.09574942
0.25834309
0.35912203
0.37325838
0.39638427
0.38079417
0.44541013
0.42675441
0.33439911
0.25753533
0.19081078
0.05020654
0.00696070
0.24445025
0.24876247
0.29334815
0.36213618
0.33238828
0.26297170
0.15890465
0.19501851
0.31073668
0.42647522
0.42050263
0.37641388
0.37840905
0.40838616
0.37522550
0.31515101
0.26711020
0.23200248
0.17177273
0.17883590
0.27123564
0.33846772
0.38290066
0.43580346
0.44140851
0.45645752
0.49299742
0.46216185
0.46325731
0.51332798
0.49807994
0.49579652
0.49805771
0.49925881
0.47745867
0.44580343
0.45896175
0.50875559
0.53684705
0.58989236
0.46925384
0.35288938
0.32258951
0.32576425
0.31114488
0.32559479
0.29298833
0.27229419
0.25896696
0.28824103
0.30249396
0.30979051
0.31895719
0.31441656
0.32350339
0.32902930
0.34796004
0.39507928
0.36119851
0.28930209
0.12036014
0.11871345
0.33889086
0.26340490
0.31181942
0.33484748
0.34591864
0.40005257
0.41688044
0.34516884
0.25313968
0.19579867
0.04512747
0.00521623
0.24625822
0.24626728
0.24970493
0.30968046
0.28936732
0.23987682
0.16309332
0.20242303
0.31614887
0.41737506
0.43080629
0.39423618
0.39218752
0.38549035
0.35759109
0.30699215
0.26286196
0.22926958
0.14745801
0.26933374
0.36903154
0.40837642
0.44606912
0.44959672
0.45531292
0.47415673
0.46539756
0.45592899
0.50276468
0.48178978
0.48292470
0.47013162
0.48299739
0.46446996
0.45126893
0.47348771
0.54737852
0.58695368
0.60370405
0.49401131
0.40668323
0.32052360
0.29307753
0.30102542
0.21350820
0.21214785
0.20816744
0.21545211
0.22699434
0.25424241
0.30378447
0.30166824
0.31389105
0.29885662
0.27241685
0.28468663
0.34029604
0.35019500
0.29086057
0.08396222
0.18263383
0.30857953
0.23627989
0.35231673
0.33049694
0.33034078
0.37100594
0.40119471
0.37476648
0.26506342
0.20526365
0.08317686
0.00946877
0.09559976
0.16185491
0.26006307
0.28494512
0.26854319
0.21809569
0.19412542
0.20075145
0.30915259
0.36540531
0.39772586
0.40987285
0.38702099
0.34510693
0.31367663
0.28375097
0.25507156
0.20509811
0.28895882
0.38916050
0.42710196
0.42939240
0.44479327
0.44465680
0.47449324
0.45568366
0.45826528
0.49943214
0.46063064
0.44873894
0.45868964
0.47789209
0.46551681
0.45431010
0.46097972
0.54235104
0.59853375
0.65300174
0.60734862
0.41841229
0.32472616
0.27082903
0.20144738
0.18818741
0.19061939
0.32173375
0.36863085
0.36744570
0.29724085
0.30332723
0.30492260
0.31562895
0.33959514
0.34100313
0.31498546
0.28514836
0.29044494
0.29384378
0.24442012
0.23478875
0.17328857
0.32063564
0.39072693
0.35933772
0.33086444
0.34459174
0.38593088
0.38723183
0.27726624
0.21670987
0.12821240
0.02036879
0.01232822
0.15586281
0.24135317
0.26104753
0.24108130
0.19627282
0.20039997
0.23926418
0.30235752
0.34929668
0.36472045
0.36063225
0.32950501
0.29329465
0.30156822
0.31028149
0.24138877
0.19139961
0.30829900
0.37114116
0.42352081
0.42802355
0.44444014
0.44048449
0.46453332
0.44861610
0.45895983
0.47608729
0.47463108
0.44819144
0.46206936
0.47409283
0.45735642
0.45767024
0.45856491
0.50296387
0.52269521
0.65942318
0.52964679
0.26412268
0.23758722
0.20489144
0.13716193
0.22298920
0.19442108
0.30530208
0.29771518
0.31422994
0.29785687
0.38468580
0.39003940
0.34733077
0.36203877
0.36701745
0.40269639
0.43576509
0.40860594
0.30952378
0.27947803
0.27537246
0.33589821
0.44278101
0.42277364
0.38971923
0.34220944
0.33209123
0.36232198
0.36126546
0.32134815
0.21619906
0.15254001
0.07583579
0.11966295
0.21841286
0.25370222
0.25432706
0.20373656
0.23530288
0.23882688
0.29648488
0.32513733
0.34169980
0.35416378
0.32033322
0.30036400
0.29416146
0.30248724
0.28144642
0.20914899
0.13122717
0.34316972
0.41855380
0.43024911
0.43848720
0.44315444
0.46351375
0.45747088
0.44873685
0.47482825
0.49018090
0.47694943
0.46143620
0.48358395
0.47592810
0.46941190
0.46455745
0.48435017
0.51540081
0.60351860
0.53596100
0.21280473
0.14595488
0.14359828
0.14287330
0.22624218
0.19100434
0.16714914
0.29877497
0.27437174
0.26473280
0.33141234
0.46700172
0.46888623
0.45227432
0.43547295
0.43813798
0.49285970
0.52557229
0.50081411
0.48649389
0.48604699
0.51071743
0.48642580
0.46048502
0.41365872
0.35379947
0.32229825
0.34657648
0.37209309
0.34139953
0.25918155
0.17406082
0.12490252
0.20136204
0.28383833
0.26779080
0.25457920
0.28404595
0.31153872
0.32518536
0.34880235
0.34352781
0.33410650
0.34458862
0.31677576
0.29280579
0.28541002
0.27398244
0.23172510
0.15283433
0.34829304
0.41336612
0.41735805
0.43708444
0.43180085
0.44932522
0.44611111
0.44298955
0.46219229
0.48745384
0.46985316
0.45777979
0.49028108
0.54587388
0.49572175
0.44523691
0.47760443
0.47995122
0.51461724
0.46085508
0.21049958
0.12209781
0.09288488
0.16575306
0.19867183
0.15795174
0.24610087
0.38896067
0.28398610
0.28147856
0.30180067
0.40851191
0.48848467
0.50709758
0.46878728
0.45208886
0.51713825
0.58702535
0.57243064
0.53821999
0.49924405
0.49322407
0.50625003
0.46993733
0.40285413
0.35540324
0.30603267
0.33848941
0.33666288
0.32733072
0.30365528
0.22868604
0.21233375
0.27617035
0.37442005
0.36061267
0.38278913
0.37153616
0.36178583
0.36810074
0.35850425
0.34259852
0.34728448
0.33217798
0.28929014
0.27445043
0.25378106
0.22613824
0.16284479
0.32296841
0.38157204
0.39934222
0.43366374
0.43682649
0.45954643
0.45280024
0.42818957
0.42335753
0.45440329
0.47184242
0.45089595
0.45256912
0.47931911
0.49567586
0.44938786
0.46626794
0.45958724
0.47005357
0.40487870
0.21189650
0.09300328
0.10249542
0.19884693
0.18737036
0.12151320
0.31739990
0.51128926
0.36503090
0.30620411
0.29803884
0.38571206
0.46086040
0.49296633
0.48537803
0.48557949
0.51560373
0.53920485
0.56205050
0.54569113
0.53904927
0.51316779
0.49378420
0.49992459
0.44535490
0.38497436
0.33356602
0.31269342
0.30780335
0.31532638
0.32805182
0.30395753
0.28118923
0.35571997
0.36720321
0.40425896
0.38621604
0.38084743
0.35645343
0.34709941
0.34388483
0.33010499
0.32326520
0.32818629
0.29012288
0.25604523
0.22150399
0.15657052
0.37121718
0.40362631
0.42655059
0.42397426
0.42581310
0.46199795
0.42421372
0.42414666
0.46609066
0.45005882
0.43718682
0.43997150
0.43743866
0.41693154
0.41412291
0.44965368
0.45019168
0.45041505
0.40328519
0.19969371
0.10301376
0.10193917
0.23551865
0.23572555
0.09359711
0.11691851
0.18693020
0.30973247
0.29375869
0.31288758
0.35001730
0.39242381
0.43378017
0.42860534
0.48384954
0.50556234
0.52557773
0.57696302
0.59299147
0.54227025
0.53964329
0.50086150
0.48347672
0.48001748
0.42063069
0.37606919
0.32851866
0.31655627
0.33160278
0.34256419
0.31580472
0.30504896
0.32262718
0.36183610
0.36809763
0.35345907
0.37714767
0.36987633
0.33832116
0.34287360
0.31265435
0.29585070
0.26678536
0.23767356
0.19935944
0.16199899
0.34946609
0.39982517
0.42025552
0.42455065
0.42183459
0.45434849
0.43232527
0.41989467
0.42188488
0.42307905
0.42253563
0.43525763
0.43870582
0.41556608
0.43687431
0.45026177
0.41926286
0.43902068
0.44963664
0.26383528
0.11452742
0.08757888
0.28926029
0.30818997
0.08570798
0.08448230
0.11059395
0.22165474
0.33284223
0.34296212
0.33283681
0.38890671
0.43167535
0.44465739
0.46631954
0.47338677
0.51151025
0.52534429
0.57098502
0.54747435
0.54031753
0.51244827
0.48353350
0.47482849
0.44904273
0.41232026
0.36945279
0.34551712
0.31311530
0.32044005
0.33108096
0.31666836
0.33495619
0.37132582
0.37836740
0.37077239
0.38090968
0.35375073
0.31590861
0.31780047
0.27898493
0.26418808
0.21979697
0.19285278
0.17398952
0.37406727
0.42409096
0.43374637
0.42231645
0.43583017
0.43397736
0.40394221
0.40726938
0.41506448
0.41329531
0.45594897
0.41439780
0.41729586
0.42750043
0.43124020
0.42679594
0.43949078
0.40649831
0.30304831
0.14122489
0.09500880
0.35109662
0.36254576
0.11416486
0.09374728
0.09848075
0.15069132
0.31040813
0.37593476
0.32614578
0.38942091
0.40856572
0.47861317
0.45319683
0.47401616
0.49110297
0.50023279
0.54545583
0.54764681
0.52493371
0.51587452
0.50439149
0.47642285
0.43044357
0.40688332
0.40791254
0.39092285
0.34500933
0.34243341
0.35787070
0.35331514
0.34894819
0.40452640
0.38760644
0.35913990
0.33001848
0.30231628
0.28510541
0.26587106
0.23602587
0.21172350
0.19008228
0.19504772
0.40708880
0.40912158
0.40441843
0.40328625
0.41785438
0.41484566
0.39749086
0.39387117
0.41111094
0.43638159
0.42686228
0.41488943
0.41812926
0.40557664
0.42007714
0.40974026
0.38873264
0.32671003
0.15940949
0.12157916
0.38153841
0.35963811
0.16303962
0.06583870
0.12233502
0.25562208
0.32218590
0.38578683
0.34956516
0.42998184
0.47210092
0.48871789
0.45705939
0.46327768
0.47887719
0.46715002
0.52146336
0.53249654
0.50882040
0.52231654
0.50952389
0.47656009
0.43948552
0.40882060
0.40161680
0.41850411
0.38447698
0.36075826
0.35533711
0.34884299
0.35894466
0.36467941
0.35364910
0.30447320
0.29589130
0.27187147
0.25145615
0.23059892
0.21824998
0.21342413
0.20984540
0.35697820
0.37364759
0.38298873
0.38574327
0.40891652
0.39928228
0.35959211
0.37635182
0.36827613
0.38100430
0.39460485
0.38468520
0.35819365
0.39101742
0.41747283
0.41631519
0.34270592
0.24391270
0.16971541
0.12260115
0.33035123
0.34522637
0.19755923
0.10249114
0.27862204
0.37562845
0.35705697
0.38591427
0.37682290
0.43213221
0.46900557
0.51049337
0.45425715
0.44569259
0.47944799
0.46851175
0.52060651
0.51073533
0.49596789
0.50356751
0.46599346
0.44878367
0.42455139
0.40586496
0.40643856
0.39851916
0.41860462
0.41600666
0.38435309
0.36865670
0.34026793
0.31351947
0.29818754
0.26165561
0.24854057
0.22591044
0.22086462
0.22313414
0.21048035
0.19175778
0.33283006
0.35576156
0.37328293
0.37538992
0.37906508
0.33404134
0.33847166
0.34460818
0.33844976
0.35730048
0.37184356
0.35418456
0.38053094
0.39492323
0.39345700
0.31616377
0.26078109
0.15011725
0.11418772
0.28152728
0.32855872
0.21383826
0.08332775
0.11734087
0.26861489
0.29337087
0.32518482
0.39730353
0.45815745
0.51244514
0.51450197
0.50148001
0.48114301
0.47969328
0.47033089
0.47204967
0.46603136
0.45163856
0.44510418
0.44075266
0.42348388
0.40503676
0.39046412
0.37435897
0.37553742
0.37307741
0.36103155
0.33849984
0.30726322
0.26598243
0.23725341
0.21954501
0.21951156
0.21776317
0.22700679
0.21170565
0.19499344
0.32656400
0.33752315
0.34643153
0.36403642
0.34339619
0.33896956
0.34566838
0.34077532
0.34434752
0.35903611
0.37015778
0.36889927
0.38301021
0.38303502
0.31447735
0.21917044
0.15458525
0.10850122
0.21765213
0.31685765
0.22648594
0.13820996
0.05718197
0.13764147
0.21283600
0.32247819
0.41181295
0.47221429
0.53068869
0.53850331
0.52352673
0.50976049
0.47876029
0.46601555
0.48678261
0.49446484
0.46809441
0.45533674
0.43488175
0.38814623
0.34996792
0.33586968
0.32322215
0.29899181
0.26484973
0.24879583
0.24769651
0.24083289
0.23664688
0.23811882
0.22050468
0.21822795
0.20407293
0.18006144
0.32186077
0.33871109
0.33956061
0.34439689
0.32852740
0.33530882
0.33427553
0.35214021
0.36501678
0.35305203
0.35698396
0.36057973
0.34572983
0.32997581
0.23770463
0.14087299
0.10113876
0.19095687
0.26817670
0.25278211
0.16675809
0.13195773
0.12841845
0.22256636
0.34620629
0.40343135
0.47623440
0.52335624
0.53532650
0.54828818
0.51208215
0.47626431
0.43902358
0.42986011
0.44716837
0.40778555
0.37061784
0.34954128
0.31607247
0.28338676
0.25703942
0.24873699
0.25777732
0.27765844
0.25318025
0.23734938
0.21808648
0.22508887
0.20907328
0.19930024
0.30941404
0.30751958
0.31039901
0.29879413
0.30178163
0.29713797
0.29736201
0.31448147
0.30697221
0.30835286
0.31406939
0.29530854
0.26983070
0.15734568
0.08404212
0.14655420
0.20030481
0.22343587
0.22929433
0.22171556
0.23430441
0.25656255
0.40026289
0.43496752
0.46912834
0.50457284
0.50204029
0.50678754
0.51511751
0.49106218
0.45169878
0.42643627
0.37064800
0.32865604
0.29704175
0.27807396
0.27153962
0.26864059
0.24588022
0.22516852
0.21239436
0.20728783
0.20278728
0.20389453
0.19699308
0.25734332
0.25408861
0.26068497
0.24521700
0.24367375
0.24034544
0.25063644
0.25443176
0.25339977
0.25673243
0.25793430
0.23826977
0.17308199
0.10182009
0.09162472
0.14572820
0.16808643
0.24336893
0.26193316
0.28263237
0.29826890
0.38623349
0.45638649
0.46368982
0.48184899
0.48139715
0.48361951
0.46977663
0.45568165
0.41794397
0.37064911
0.32935922
0.28751740
0.23177159
0.20228073
0.21556197
0.20719689
0.19140995
0.19307507
0.18082486
0.19279043
0.19683522
0.19474295
0.19331871
0.18354625
0.11412341
0.10383272
0.10304591
0.11933375
0.17191062
0.21571759
0.27902883
0.32689954
0.39161443
0.41864243
0.42814945
0.40736413
0.42030989
0.42297603
0.42585019
0.39891477
0.37768660
0.32946169
0.28929474
0.15453626
0.16677199
0.18424750
0.19225743
0.18785761
0.16798472
0.15161568
0.14052369
0.13446593
0.13069395
0.15344346
0.20472304
0.28015123
0.31853191
0.34631501
0.33147025
0.33735210
0.34320945
0.33230893
0.32030564
0.32664239
0.29671431
0.27714557
0.28888666
0.27871109
0.26679216
