0.10969087
0.11028297
0.11272128
0.10497811
0.09994249
0.09436045
0.08784399
0.12649734
0.14281252
0.14607474
0.14393395
0.14756057
0.14901788
0.14296902
0.12865647
0.12049029
0.10807357
0.09959242
0.08692913
0.11316901
0.14572064
0.16606162
0.17166288
0.17955052
0.18910256
0.19113539
0.17993778
0.16252785
0.15184215
0.13396418
0.11797213
0.10909775
0.10029037
0.04370285
0.05993622
0.08009858
0.09088171
0.09961141
0.11070443
0.12918929
0.16202631
0.18993930
0.20862235
0.21979833
0.21662667
0.21135647
0.19117792
0.18071695
0.16690897
0.14648708
0.12810559
0.10412212
0.10602468
0.10251853
0.08991608
0.08989058
0.07173639
0.05991526
0.05774472
0.05981006
0.06429404
0.06991422
0.07028094
0.07618309
0.07566048
0.08587681
0.08652273
0.08688208
0.05421904
0.05166401
0.06421783
0.07637965
0.09359046
0.09146726
0.08157542
0.09454932
0.10311592
0.13800919
0.16543493
0.19679694
0.22681858
0.23377406
0.23576660
0.22965174
0.21856848
0.20678136
0.18553193
0.17177980
0.16394029
0.14049468
0.12619483
0.12749280
0.12071713
0.11433100
0.10315347
0.10310164
0.09401192
0.08191831
0.07002989
0.05827006
0.05663619
0.06262268
0.06768751
0.07528090
0.07940119
0.11395287
0.11475668
0.11507782
0.11604364
0.12201411
0.12118233
0.11653406
0.08452498
0.04482721
0.06295165
0.10434618
0.10286319
0.06783682
0.03505538
0.05538145
0.07788989
0.10216646
0.15091088
0.18389794
0.21231940
0.24478846
0.25624189
0.25505343
0.24437500
0.23861383
0.22642311
0.21386173
0.20102670
0.18728944
0.17072615
0.16078627
0.15501577
0.15148283
0.14436001
0.14300583
0.14365043
0.13719573
0.13062678
0.12262623
0.10761432
0.08694578
0.06272627
0.05705431
0.06588077
0.08412466
0.08296496
0.08559801
0.12891692
0.13117055
0.14116280
0.14148326
0.14625984
0.14594516
0.15013693
0.14067550
0.12206071
0.07039209
0.05140548
0.07662929
0.11600716
0.07680820
0.03297034
0.06119974
0.09084514
0.11152330
0.11597919
0.14416054
0.19306087
0.21432734
0.23689495
0.25559833
0.25978369
0.25713946
0.24860894
0.24361496
0.23433716
0.21726550
0.21218775
0.20201531
0.18696731
0.18307217
0.17900440
0.17287889
0.17764118
0.17806012
0.17367108
0.16570663
0.14484094
0.13701056
0.11710190
0.08795463
0.06890970
0.05782631
0.05548774
0.06795082
0.07667822
0.07609799
0.14183013
0.14254670
0.14939793
0.14812320
0.15131045
0.16210708
0.16113074
0.16056492
0.14903147
0.12562944
0.07753721
0.04916332
0.08197983
0.10617369
0.05698914
0.06207429
0.10576241
0.10282027
0.12584125
0.13467583
0.14520039
0.18339893
0.20407313
0.21658178
0.24020144
0.25278696
0.25107732
0.25059431
0.25265974
0.24629949
0.24131846
0.23152512
0.22177286
0.21179502
0.20019325
0.19382697
0.19287778
0.19923000
0.18605656
0.16381408
0.13736182
0.12171848
0.11380904
0.11053033
0.09388128
0.08522264
0.06930244
0.05739459
0.05048152
0.04936879
0.04916584
0.04329765
0.03730948
0.14417893
0.15060715
0.15779530
0.16444053
0.15802419
0.16329574
0.16591286
0.16641486
0.16594921
0.16921144
0.14486730
0.09591115
0.05289243
0.09065327
0.10409297
0.05826241
0.11917415
0.08103974
0.03422628
0.05782314
0.12697940
0.15069372
0.17412752
0.19742295
0.20748765
0.22122435
0.23596763
0.24509243
0.24727137
0.25135345
0.24618839
0.24699532
0.24380152
0.23740493
0.23153999
0.21844265
0.21886547
0.20925192
0.18419684
0.15218536
0.12409043
0.10902327
0.10566123
0.10429814
0.11070356
0.10851833
0.10183810
0.08665371
0.07688848
0.07675567
0.07389665
0.07236918
0.07289962
0.06902173
0.05944870
0.16214751
0.16370523
0.16656286
0.17397827
0.17575394
0.16959962
0.17611757
0.17453790
0.17443233
0.18625069
0.15348822
0.11170000
0.04982322
0.09072686
0.10476125
0.05595218
0.12389939
0.03621878
0.02545929
0.04019567
0.13514394
0.16672288
0.18215007
0.20676332
0.21558966
0.23036136
0.22166172
0.24457244
0.25329394
0.25471077
0.25996235
0.25514492
0.26036540
0.25671011
0.25021279
0.23022277
0.21595493
0.18470479
0.14172463
0.11535630
0.10919383
0.11630507
0.12065836
0.11997509
0.12822102
0.12586767
0.11235580
0.10963775
0.10308118
0.09902349
0.10062790
0.09360547
0.09396310
0.09218632
0.07948693
0.06724916
0.17412035
0.17449127
0.17881697
0.18226580
0.17916151
0.18936106
0.18299633
0.18877300
0.19323243
0.19404886
0.19464778
0.15389498
0.09884488
0.05214777
0.06794278
0.10256553
0.07175669
0.14150206
0.05005816
0.15424152
0.04615294
0.15063853
0.17105641
0.18734211
0.20966498
0.21315680
0.21510909
0.23117869
0.25059224
0.25889207
0.26901150
0.27535099
0.27837439
0.28148228
0.27117738
0.26178515
0.22236677
0.16859359
0.14393977
0.12666418
0.12731397
0.12640342
0.14076033
0.14432359
0.13570637
0.14708567
0.15272284
0.14912145
0.14581550
0.13741412
0.12746473
0.11988725
0.12806165
0.11942416
0.11330411
0.09607720
0.08959114
0.07726389
0.19129944
0.19149533
0.19315925
0.19349640
0.19287413
0.19844456
0.19166191
0.20147190
0.21137471
0.20671564
0.21052828
0.16848680
0.08489145
0.04812962
0.06082518
0.09648585
0.06163731
0.16608198
0.08944913
0.04652108
0.07338697
0.17684851
0.17349447
0.19779205
0.20456396
0.20756439
0.22817445
0.25154211
0.25486436
0.26574955
0.28155306
0.28304683
0.28561830
0.28540808
0.26674667
0.23688147
0.19816331
0.15969024
0.14045463
0.13248579
0.14377784
0.15023160
0.15046163
0.14318258
0.15975665
0.17242247
0.17079892
0.17096337
0.15856896
0.13805649
0.14254976
0.14204943
0.14372997
0.14399369
0.13018462
0.12080822
0.10272732
0.09799629
0.09095591
0.20829649
0.20479986
0.20682849
0.20779040
0.20534376
0.20930699
0.20122915
0.21221229
0.22512437
0.22461997
0.21559199
0.16328149
0.08385227
0.04316013
0.05693663
0.09903451
0.06469898
0.12334852
0.19690790
0.17128486
0.16892409
0.19093706
0.16954624
0.18818262
0.20412352
0.22365892
0.24827023
0.25309622
0.25673965
0.26306012
0.26395268
0.27447767
0.28379564
0.27880227
0.24893088
0.21505655
0.18278760
0.15767721
0.15030089
0.15029053
0.15977759
0.16582040
0.14283705
0.12469921
0.12311501
0.14794349
0.16668422
0.15940200
0.14522029
0.13612166
0.14045876
0.15396924
0.15913104
0.17023619
0.16361547
0.14626674
0.12935828
0.11509702
0.10309478
0.08264793
0.22400676
0.22208130
0.21208742
0.21309326
0.21933336
0.21507715
0.21664240
0.21918383
0.22640187
0.24049063
0.23168200
0.21108927
0.17077823
0.06994254
0.05727729
0.05283601
0.09964739
0.08919474
0.09620937
0.15190410
0.19866649
0.16823703
0.17027589
0.16108362
0.18048459
0.21552395
0.22247679
0.21804861
0.22103792
0.22365466
0.22709728
0.22457204
0.20188632
0.22047277
0.24312046
0.23737618
0.21402033
0.17613289
0.16100554
0.16716371
0.17103148
0.17919105
0.17720799
0.15493666
0.12875629
0.12368821
0.13490286
0.14614238
0.15784199
0.14362114
0.13289303
0.14614313
0.17026623
0.19046994
0.19964923
0.18861283
0.17685647
0.14866024
0.13150815
0.11928451
0.09690331
0.07243561
0.20341990
0.23876135
0.24275847
0.23047931
0.22427560
0.22520125
0.22832720
0.22208153
0.22802537
0.22406324
0.23366605
0.24995951
0.24695296
0.22016178
0.17973204
0.09327961
0.07845448
0.07519005
0.09478367
0.12243263
0.09683206
0.11933822
0.16005018
0.18299397
0.16274937
0.15936010
0.18710329
0.17891446
0.16850190
0.16765058
0.17471127
0.18000050
0.14698409
0.12907884
0.13609333
0.10502365
0.15178204
0.21245825
0.19823052
0.17551520
0.16111892
0.16461090
0.18877656
0.20112644
0.18522380
0.15761809
0.13475746
0.16255160
0.18175837
0.17012193
0.18081699
0.15741498
0.12560602
0.15284240
0.19229536
0.21661158
0.20795567
0.20554513
0.20371914
0.17721168
0.15970852
0.14612039
0.11208328
0.08587438
0.21177282
0.24464535
0.24348096
0.23538512
0.22949713
0.23223800
0.23269376
0.23401343
0.23576599
0.24242876
0.25403076
0.25517841
0.25983965
0.23390124
0.18987647
0.11561566
0.08515522
0.10094518
0.10053372
0.11455640
0.12343239
0.12613030
0.15825185
0.15490657
0.15765593
0.15157832
0.14490576
0.13867442
0.14170578
0.14379592
0.14456178
0.15141326
0.13733997
0.12271933
0.16056568
0.19916799
0.12924516
0.16767585
0.16621836
0.16484941
0.17543307
0.18976103
0.19391779
0.20073022
0.17537357
0.16376308
0.13775704
0.17958587
0.19998996
0.19996342
0.19212606
0.17361857
0.11348934
0.12766762
0.19753626
0.22861744
0.21910200
0.21120034
0.20566294
0.17645935
0.17344093
0.14136034
0.13042063
0.09424603
0.22447404
0.25229621
0.24492531
0.24024857
0.23233359
0.23814059
0.24225711
0.24306514
0.24623707
0.25664443
0.26353801
0.26845319
0.27196894
0.25459962
0.21290476
0.15827548
0.10342077
0.11915207
0.12283097
0.09524794
0.10673580
0.11103587
0.13116355
0.13559718
0.11948035
0.12061162
0.13063313
0.12856294
0.11982522
0.12514236
0.16062809
0.18053043
0.15417163
0.05757875
0.05970253
0.20586702
0.21359625
0.15541443
0.16752627
0.17742983
0.18692291
0.21014444
0.21622381
0.20817398
0.17605489
0.17571841
0.14836331
0.18295157
0.23681334
0.24054186
0.22078520
0.20088906
0.12209765
0.10760943
0.19195474
0.22192000
0.20831790
0.20824265
0.20805097
0.19064707
0.18076533
0.15639272
0.13085705
0.10387280
0.18529222
0.24237503
0.25533407
0.25344435
0.24487881
0.23907514
0.23269868
0.24130951
0.24393208
0.25290836
0.26412238
0.26907992
0.27228683
0.28186855
0.26327922
0.22908369
0.20054159
0.17122331
0.15883387
0.14576477
0.12677413
0.09573538
0.09511081
0.09950735
0.11171627
0.12715922
0.13298598
0.13589634
0.15171943
0.17057734
0.18663326
0.20083680
0.18382854
0.14772153
0.06443626
0.01136811
0.10440368
0.23773012
0.18376482
0.19743938
0.20249323
0.22140437
0.23678549
0.24990665
0.24538121
0.19597705
0.17062431
0.15697160
0.16825239
0.26595146
0.26680757
0.22682904
0.20732704
0.12411535
0.09517914
0.17640334
0.20553399
0.19768969
0.21564186
0.20560320
0.20523317
0.18718495
0.17289153
0.15007027
0.10768594
0.20410032
0.24362995
0.25619801
0.25670953
0.24860345
0.24895740
0.24145200
0.24970144
0.25144448
0.25793392
0.26045557
0.27357601
0.27856524
0.27958996
0.28133140
0.26407400
0.21139886
0.16234243
0.12532805
0.13577649
0.16270204
0.16138805
0.14292849
0.16282746
0.19329325
0.19873786
0.19744227
0.20827963
0.23009798
0.24164750
0.25451255
0.25988845
0.22548723
0.17503773
0.13694046
0.03539444
0.07199019
0.18787635
0.20079682
0.21765648
0.21996704
0.24185872
0.22705747
0.24199996
0.25923742
0.23961139
0.18243417
0.15720992
0.14426594
0.26600479
0.26345253
0.24616952
0.20002874
0.12951812
0.08614638
0.15219096
0.20358981
0.20993902
0.22111373
0.20713609
0.20166863
0.19082385
0.17730864
0.14622792
0.11583194
0.20142183
0.24399908
0.25652941
0.25997366
0.25850271
0.25690121
0.25397910
0.25756496
0.26110902
0.26893521
0.27472029
0.27746868
0.28312297
0.28668820
0.28778517
0.28982238
0.28172257
0.21612789
0.21365505
0.18532622
0.21978786
0.23373862
0.22678280
0.26103331
0.30659337
0.32185242
0.30002177
0.30606714
0.31586939
0.30550393
0.30409210
0.31220943
0.28229806
0.22291556
0.19774583
0.15383430
0.09137000
0.11780357
0.20888473
0.22807613
0.21410659
0.21906314
0.20357237
0.20025090
0.24203818
0.24303689
0.18600540
0.15819252
0.11421985
0.23537461
0.26065376
0.26159430
0.20781769
0.13647341
0.08660856
0.14375935
0.20883315
0.20956178
0.22361520
0.22058911
0.21646001
0.19397731
0.16572641
0.14854884
0.11337244
0.14907537
0.20575489
0.23437753
0.25109821
0.26034258
0.26320589
0.26308181
0.26237652
0.27147403
0.27010089
0.27623095
0.28358393
0.28819158
0.28365722
0.28525500
0.29030680
0.28794772
0.30541557
0.29389170
0.26625716
0.25911384
0.27405045
0.28166438
0.27101280
0.27572288
0.28207388
0.28846353
0.30493709
0.31096407
0.31732500
0.31835825
0.32931857
0.38134253
0.35575471
0.26576250
0.21560997
0.17515636
0.12430648
0.12183635
0.20837207
0.21551248
0.20937602
0.20511408
0.19203981
0.20680910
0.26235655
0.22928833
0.19873946
0.18051829
0.14820820
0.26044295
0.27961738
0.25992837
0.22590535
0.15799162
0.08807207
0.13662217
0.19827581
0.22899430
0.23125826
0.23315016
0.23056129
0.20824454
0.15698272
0.14430501
0.10056302
0.13965129
0.20358161
0.23294551
0.25169838
0.26391181
0.26888446
0.26888223
0.26826617
0.27447692
0.27118921
0.27832406
0.29300065
0.28614616
0.28274003
0.28931865
0.28797776
0.29313680
0.32288987
0.30914643
0.26793127
0.25191035
0.27370852
0.29253838
0.27153339
0.28149813
0.28973147
0.30207456
0.30755009
0.30673084
0.32434703
0.32217502
0.33440100
0.35583300
0.33396162
0.26746766
0.22813470
0.17343391
0.10911670
0.15312983
0.22947483
0.23017031
0.25115779
0.25273986
0.23216298
0.24573661
0.25011251
0.21363786
0.19984391
0.19251892
0.15904323
0.24876325
0.26387283
0.24492897
0.22302388
0.17571034
0.11137617
0.12926658
0.19843809
0.23682116
0.22263245
0.22945142
0.22175844
0.21173394
0.16600098
0.13071544
0.09628070
0.13286823
0.18073923
0.23545252
0.25806096
0.27096145
0.27258926
0.26691233
0.27607242
0.27874025
0.27512828
0.27377041
0.28923559
0.28211514
0.28089131
0.28765595
0.29730023
0.29897658
0.29784679
0.22228844
0.21469942
0.19512479
0.23786977
0.25718011
0.24997189
0.25830940
0.27019029
0.25811979
0.24492858
0.24507881
0.27556472
0.29800722
0.30038523
0.30517593
0.28599762
0.24214679
0.20078872
0.05264119
0.10778264
0.23684572
0.24588124
0.21546180
0.22638236
0.21240783
0.20708250
0.23113334
0.23664107
0.22267747
0.19539535
0.19754987
0.16227851
0.22069938
0.24125391
0.22523136
0.21435079
0.18673427
0.13799876
0.13670073
0.19151579
0.25047547
0.23323315
0.23607176
0.22672965
0.19523478
0.17041099
0.12707404
0.11380857
0.19566863
0.23076931
0.25615969
0.26619895
0.27132568
0.26715105
0.27521040
0.27896584
0.27717025
0.27845568
0.28457418
0.27916502
0.28182658
0.28670224
0.29144384
0.28981451
0.24582507
0.20043884
0.18477484
0.18137737
0.20092378
0.19887028
0.18140179
0.17115532
0.18920946
0.20454263
0.20483298
0.20353957
0.20271142
0.21262150
0.23031954
0.25404911
0.24743498
0.20917265
0.11689893
0.02775395
0.11849902
0.25804378
0.24795935
0.20104044
0.20345719
0.19241860
0.19448746
0.21010092
0.22945243
0.24534193
0.20771103
0.19989416
0.17958156
0.17499964
0.21980459
0.20713466
0.21970937
0.19965036
0.15352897
0.14050142
0.18356802
0.21787399
0.23389798
0.24617288
0.22410875
0.19165849
0.15904003
0.12481713
0.11137008
0.21038256
0.23838137
0.25704396
0.26596721
0.27129171
0.26541437
0.27170755
0.27414847
0.26798437
0.27191572
0.28355079
0.28218507
0.28797119
0.29857459
0.29589621
0.27476498
0.24025648
0.18852625
0.16553777
0.18835462
0.18232717
0.14994578
0.14645887
0.13927397
0.13862103
0.15092521
0.18132720
0.19497068
0.19574727
0.18743319
0.17842739
0.20931394
0.23215602
0.21200163
0.11514048
0.06523015
0.14965473
0.25746088
0.20347389
0.21559603
0.21083225
0.18604743
0.18803088
0.20100839
0.21937077
0.23823538
0.22805493
0.20233862
0.17931124
0.13217438
0.19196810
0.19348926
0.21702783
0.19716110
0.15952438
0.15553772
0.17024263
0.20689172
0.22642017
0.23342632
0.21001032
0.17871965
0.15513222
0.12982861
0.10566722
0.22223204
0.23898974
0.25435231
0.26358874
0.27075955
0.26585190
0.26942924
0.26988985
0.26260880
0.26842206
0.28258977
0.28158754
0.28267900
0.30149193
0.29860294
0.28375512
0.26561804
0.19417840
0.16094970
0.16076742
0.14509706
0.15044397
0.14565822
0.18074400
0.21503005
0.19084302
0.16944652
0.18166976
0.19469342
0.21013576
0.21073435
0.21035335
0.20835406
0.20362220
0.19108952
0.19043520
0.19572556
0.18588536
0.18721291
0.25404215
0.23219933
0.21035878
0.19011891
0.19135858
0.20435808
0.21031410
0.21269006
0.19887705
0.17652443
0.14097215
0.19118136
0.21170735
0.22264150
0.20746125
0.18422685
0.17790812
0.18316541
0.19195185
0.21509112
0.20347473
0.17123812
0.15647529
0.16064822
0.12474065
0.09553354
0.21418340
0.23907487
0.25270673
0.26383270
0.26607806
0.26547073
0.26516284
0.26895792
0.26329321
0.27106107
0.27868113
0.27880124
0.28238557
0.28816960
0.28662722
0.27881401
0.19811662
0.14828197
0.12932819
0.13434993
0.13478151
0.16378063
0.14763001
0.19737813
0.18908720
0.19237144
0.18552839
0.22485432
0.22570612
0.21660194
0.22619036
0.23772320
0.25089619
0.25019671
0.22090550
0.21036050
0.21198119
0.23996175
0.28842675
0.29019597
0.26163048
0.23413165
0.19792153
0.18251791
0.18403893
0.19833994
0.20196394
0.19933662
0.18213501
0.17261865
0.18353840
0.21056216
0.22668453
0.22573936
0.21153901
0.19225317
0.17987248
0.18037970
0.19565451
0.18447807
0.17036856
0.16387534
0.14741808
0.10791068
0.08065591
0.19703995
0.24016484
0.25527140
0.26201961
0.26587086
0.25986320
0.26228260
0.27034324
0.27166966
0.27135007
0.28334001
0.28175265
0.28244902
0.28980892
0.28492754
0.27649966
0.16947129
0.10502962
0.09381902
0.10798820
0.15045219
0.13083292
0.14748146
0.16246714
0.21811571
0.17772931
0.17372830
0.20322684
0.26823265
0.28041745
0.28119464
0.27686104
0.28246707
0.29967518
0.31811720
0.31882958
0.32811859
0.32753004
0.31987542
0.30326706
0.28593207
0.25079696
0.20139651
0.17765280
0.16873980
0.18293862
0.17823321
0.19415335
0.18839530
0.19120988
0.18532620
0.20721136
0.22929909
0.23092701
0.21750637
0.20697973
0.18311880
0.17801133
0.18878613
0.17044621
0.15731448
0.14051656
0.12451889
0.09549662
0.23261321
0.24578507
0.25722898
0.26193163
0.25984975
0.25942855
0.26564170
0.26778483
0.26964581
0.29140357
0.29484188
0.27944014
0.28597169
0.26986655
0.26177200
0.15507555
0.09181235
0.07135521
0.09586285
0.14498902
0.10741765
0.13701767
0.19332513
0.20105901
0.18722156
0.19380896
0.19654630
0.23460586
0.28325196
0.30628869
0.31007705
0.31326506
0.31951968
0.32820376
0.33284826
0.33435894
0.34370181
0.34502928
0.32783821
0.30365443
0.26824676
0.23558193
0.20068527
0.18354476
0.16795211
0.16261673
0.17735651
0.19098143
0.18959457
0.17934070
0.18789527
0.21270333
0.20628823
0.18737392
0.18488839
0.17216036
0.16842291
0.16790574
0.14273801
0.13082942
0.11454635
0.09620427
0.21724973
0.23979923
0.25571114
0.26424742
0.26175964
0.25412733
0.25591333
0.26312431
0.26574837
0.27303123
0.27953109
0.27931496
0.28126453
0.25980735
0.23683619
0.15779708
0.07017330
0.05946929
0.08676209
0.11521019
0.09470274
0.18845419
0.18940780
0.17279086
0.19050727
0.20393881
0.20818397
0.22533740
0.25574151
0.27802436
0.29521461
0.31494931
0.32646774
0.33453549
0.34996171
0.35698329
0.34888020
0.34268557
0.33432980
0.32788728
0.30522513
0.26827834
0.22803165
0.19883758
0.17714706
0.16345232
0.17233969
0.17992315
0.16866559
0.16919958
0.17274151
0.17915384
0.16479438
0.16759702
0.16184613
0.15178029
0.15101043
0.14119229
0.12838692
0.11265392
0.09531517
0.23800181
0.25611548
0.26621175
0.26813396
0.25620097
0.26366797
0.26431180
0.26285144
0.26785548
0.25768199
0.26768562
0.26837425
0.25415530
0.23234194
0.14925895
0.06642436
0.06658941
0.09373036
0.09705430
0.11634772
0.19185717
0.06540528
0.05282781
0.11438969
0.19474129
0.21425906
0.22328004
0.24528848
0.26026221
0.26674789
0.30230571
0.31907121
0.33124953
0.34122429
0.35201461
0.34267330
0.33783629
0.33049707
0.32200279
0.31213107
0.29392910
0.27090182
0.24037271
0.21373121
0.18168651
0.16195630
0.15693201
0.16101082
0.16013108
0.16387498
0.16992645
0.15950351
0.15419113
0.13473606
0.13363875
0.12112897
0.11452925
0.09189654
0.08646442
0.24092891
0.26826745
0.27249514
0.26897220
0.25873312
0.25441255
0.25283869
0.25686262
0.26282526
0.25984930
0.26348766
0.26244791
0.25237742
0.24342203
0.17586125
0.07371139
0.05275874
0.10923020
0.09158790
0.14364518
0.11967505
0.06318658
0.04581971
0.07215149
0.18202883
0.21605513
0.22278439
0.23874560
0.24467377
0.27515849
0.29673367
0.31138797
0.31901736
0.32136848
0.33921619
0.33982494
0.32349535
0.32132801
0.31305123
0.29966084
0.28759783
0.27127942
0.26941365
0.26956127
0.26043746
0.22965207
0.20072842
0.19587556
0.18218910
0.18288761
0.19267990
0.16366454
0.12865982
0.11452715
0.11092915
0.10853323
0.10173717
0.09720745
0.26850109
0.27065163
0.25857952
0.25693766
0.25317526
0.24986076
0.25315899
0.26195351
0.25511157
0.25710072
0.25744944
0.24871858
0.23936955
0.18218387
0.09624693
0.05069707
0.13393472
0.10207936
0.11663892
0.12811757
0.05148466
0.03800262
0.05849649
0.16851752
0.21327262
0.23891727
0.25718307
0.26672039
0.29162780
0.30717682
0.31113990
0.31767068
0.31104749
0.32686538
0.32992626
0.31571906
0.31408934
0.30459661
0.28956652
0.27837741
0.27226657
0.27228428
0.27174780
0.27299602
0.27206349
0.25825813
0.22554967
0.20412732
0.19480193
0.17598424
0.12824226
0.11178414
0.11469669
0.12183913
0.12591053
0.12420454
0.23821353
0.24147716
0.24427385
0.24863293
0.24816234
0.24324440
0.25110175
0.25836060
0.24894733
0.24589941
0.24480637
0.24428914
0.23094107
0.18063627
0.09873819
0.05988675
0.15007395
0.11789907
0.08476944
0.17942118
0.08505222
0.04912978
0.09752108
0.18700241
0.21940158
0.23873464
0.26305098
0.28338110
0.30413907
0.31519746
0.31731353
0.32539450
0.32537265
0.32525496
0.31756275
0.30414972
0.29613979
0.28002655
0.26663829
0.25555881
0.25144821
0.24528251
0.23799067
0.25482361
0.25824054
0.23934751
0.21781424
0.18435029
0.16551037
0.14092226
0.11490857
0.11597812
0.11990984
0.13767634
0.13672908
0.21600347
0.22581662
0.23046803
0.22826959
0.23052159
0.22879796
0.22732613
0.23219123
0.22184687
0.22717908
0.23474505
0.22370050
0.15168608
0.09861167
0.06314091
0.14102792
0.12946235
0.07205336
0.14161253
0.16053698
0.14659491
0.17555740
0.19517271
0.21753431
0.24561997
0.27779119
0.29372965
0.31852490
0.33153408
0.33670786
0.33377778
0.32018997
0.32229364
0.30380750
0.28870116
0.27792785
0.26944890
0.24905720
0.23518663
0.22278367
0.21582632
0.21217954
0.19441350
0.19095049
0.18762230
0.17375973
0.14309067
0.12677221
0.11534286
0.11594450
0.12590443
0.13363672
0.20489901
0.21187227
0.21605812
0.20930821
0.21175896
0.21199581
0.22402785
0.22499235
0.23021925
0.22856872
0.21328953
0.15777875
0.10306177
0.06043397
0.11907144
0.16284674
0.09056895
0.07578424
0.11975117
0.15232674
0.16033198
0.17378422
0.21038429
0.24242476
0.27406883
0.29902087
0.32862971
0.34424569
0.34453112
0.33485664
0.31415656
0.30493993
0.29304272
0.27157305
0.25464716
0.23687527
0.21250841
0.19984050
0.18447539
0.17602303
0.17118159
0.15496311
0.14232961
0.13985966
0.12929588
0.13028223
0.12136097
0.12215981
0.12222319
0.20711049
0.20537651
0.20531793
0.20919336
0.21098986
0.21746699
0.21860324
0.22395993
0.21295149
0.16140696
0.09501407
0.06325845
0.09673364
0.16633377
0.15254091
0.09715815
0.06223053
0.11008013
0.12757174
0.16034105
0.20478963
0.22997298
0.26560106
0.30274639
0.32666230
0.33954991
0.34086557
0.32317754
0.30588911
0.27661963
0.25889148
0.23450299
0.20585014
0.19107158
0.17979502
0.17053756
0.16383196
0.14733628
0.14163943
0.14026850
0.13073210
0.12691504
0.19366155
0.19712312
0.19593819
0.20495735
0.20514255
0.20462112
0.20330946
0.19785289
0.17952935
0.12188005
0.07078046
0.08987137
0.13174807
0.16347834
0.16182293
0.14546220
0.14127731
0.15082617
0.15345296
0.19722976
0.22139965
0.25652178
0.29269326
0.31102648
0.32056497
0.31879793
0.30586722
0.28039759
0.25671429
0.22813457
0.19237508
0.18214559
0.16941278
0.15849000
0.15523500
0.16849977
0.17026209
0.16704807
0.16892205
0.17119783
0.17160703
0.16621785
0.15711046
0.13705291
0.08316762
0.05701499
0.08272408
0.12701490
0.14319288
0.15254963
0.15796684
0.16297475
0.16581097
0.19167849
0.22520472
0.24797841
0.27642669
0.29404323
0.29768991
0.28860922
0.27907318
0.25250965
0.22649086
0.19860549
0.17549580
0.15714436
0.13851141
0.13408442
0.13192870
0.13945135
0.14106156
0.14376159
0.13799878
0.11640697
0.06821054
0.06899638
0.07906528
0.09842670
0.11882663
0.13506805
0.15321924
0.17393504
0.19866285
0.22635717
0.23985213
0.24682127
0.25523740
0.26052686
0.25576048
0.23879036
0.21737593
0.19718997
0.17182782
0.10961355
0.12049358
0.12146739
0.12280970
0.11183951
0.08082826
0.07418469
0.07259862
0.08257991
0.10014220
0.13250847
0.16772011
0.19130811
0.20997923
0.20354767
0.20538041
0.21241328
0.21024479
0.20318209
0.18734886
0.16621396
