0.17698250
0.17025003
0.17817970
0.21732151
0.24537511
0.25783455
0.24957408
0.25564057
0.26586737
0.26362599
0.25304429
0.23272539
0.22078571
0.11245109
0.10778072
0.11526515
0.11934638
0.12867035
0.13053653
0.13125820
0.05254197
0.11458326
0.17020543
0.23578714
0.29560438
0.30647895
0.29588092
0.32140561
0.35709539
0.37252465
0.33091557
0.32502165
0.30529451
0.25740156
0.23927786
0.20942047
0.20134572
0.21818551
0.20447406
0.23018772
0.19570592
0.18249544
0.17360642
0.15973732
0.15079369
0.14013002
0.14467533
0.16054780
0.16050076
0.15467682
0.06480056
0.07192853
0.09444098
0.14750777
0.19040320
0.21419802
0.23915789
0.29892061
0.34134374
0.38795601
0.39462443
0.41888226
0.42356013
0.39862444
0.37796816
0.35635746
0.31798072
0.30648228
0.27966061
0.23486652
0.25524021
0.27671596
0.28292871
0.29064473
0.30925350
0.31006945
0.30596662
0.30444509
0.27252430
0.23195010
0.16676541
0.14200562
0.17258891
0.21371703
0.17319692
0.10767210
0.09941887
0.09672592
0.09244281
0.11846110
0.13115899
0.13931274
0.10477615
0.08426234
0.08382275
0.13231644
0.17224507
0.21401868
0.21220212
0.19699086
0.18477325
0.29733435
0.35614365
0.40539132
0.43695298
0.44726240
0.45301188
0.44148945
0.43493818
0.38770879
0.37676788
0.37732718
0.36123805
0.34398348
0.33636613
0.35606457
0.36604549
0.37486391
0.39670991
0.40043791
0.42159155
0.42897941
0.40964403
0.35172687
0.26257788
0.20659831
0.15946907
0.17733633
0.19796891
0.19046730
0.16544109
0.17939712
0.17010445
0.15655713
0.15163780
0.16837430
0.18136803
0.17658547
0.17273636
0.10518414
0.12206485
0.17602018
0.20254053
0.21031961
0.18346571
0.15133203
0.09502703
0.14758802
0.30772196
0.39291687
0.45504054
0.52188114
0.51077397
0.48251390
0.47308897
0.45667305
0.44761894
0.43406669
0.42984128
0.42643410
0.41166655
0.41661005
0.41976770
0.42331585
0.45101275
0.47815749
0.46735567
0.36476469
0.30963336
0.28971761
0.30930672
0.28033413
0.23812571
0.19588689
0.13516192
0.17970669
0.18926244
0.15482175
0.20544667
0.21758952
0.23610675
0.23183688
0.23922373
0.24928094
0.24278273
0.24980540
0.23940385
0.16126593
0.09640349
0.12434925
0.25209455
0.29373009
0.20085870
0.13958142
0.05132007
0.08917601
0.16526417
0.29454885
0.40938035
0.49343625
0.53396564
0.49624611
0.48713873
0.48276741
0.46228015
0.49592894
0.47226809
0.46619746
0.47103202
0.48011525
0.46518034
0.45668246
0.44762501
0.47880748
0.42456194
0.33934237
0.26745501
0.24214975
0.24008310
0.28220742
0.29042449
0.24548840
0.20757781
0.15712815
0.12488557
0.14828339
0.12145967
0.09483073
0.24360009
0.24961646
0.25785134
0.27809973
0.26474354
0.28390765
0.27540813
0.28321084
0.26633040
0.23342836
0.16307280
0.12153314
0.14669839
0.29356479
0.32687874
0.20088751
0.14945783
0.06003928
0.21856001
0.24715245
0.27630057
0.39660742
0.44935715
0.50268644
0.47744707
0.47754285
0.46164594
0.48894443
0.52261657
0.49505184
0.52218310
0.48020043
0.48907884
0.49860441
0.47461781
0.47597429
0.44171004
0.34585475
0.25546817
0.24955474
0.26330824
0.26401690
0.27417558
0.25798973
0.22879423
0.18567749
0.17915742
0.15241793
0.15389110
0.15150602
0.11390799
0.08635389
0.26172422
0.28460066
0.28249978
0.29126949
0.27453118
0.28060613
0.30679593
0.28847051
0.30341032
0.31462847
0.26568128
0.18654563
0.14583853
0.13385380
0.33778989
0.35557850
0.23795847
0.10594628
0.17065562
0.28938807
0.30172605
0.30448278
0.37470465
0.42557193
0.45535521
0.46146042
0.45184846
0.47377123
0.48858513
0.50482237
0.53027076
0.52287233
0.51608501
0.50214551
0.49658892
0.47549547
0.44528099
0.35540250
0.26559481
0.29203599
0.33196469
0.29643282
0.27280184
0.29121441
0.25543146
0.25169683
0.21919101
0.20107705
0.21244753
0.21747274
0.21216767
0.18832119
0.15677748
0.11960688
0.27548437
0.29061340
0.29896479
0.31207545
0.31796881
0.29782090
0.30111116
0.31483996
0.30153364
0.31283133
0.32906848
0.32472417
0.26819274
0.16623260
0.13411103
0.40752730
0.36106318
0.27008741
0.06407257
0.09529990
0.12922770
0.28163697
0.32975674
0.34717079
0.41925307
0.47743310
0.48771156
0.43649667
0.48483326
0.49338638
0.50503369
0.53267091
0.53025107
0.52968217
0.51896931
0.50129404
0.46085393
0.37171493
0.29646063
0.29575299
0.30281789
0.31368750
0.26838535
0.25670794
0.28704165
0.32416993
0.33517499
0.29220620
0.26149979
0.25266930
0.25537559
0.25695988
0.24015925
0.22145841
0.17773032
0.11906462
0.28888377
0.31165442
0.31694410
0.31479895
0.33609213
0.33627331
0.34685374
0.30898884
0.32448676
0.32103883
0.33902839
0.35675393
0.32949353
0.26791536
0.15158924
0.10280357
0.40161216
0.41562186
0.31268778
0.06468822
0.07599993
0.12567456
0.34236671
0.38386558
0.36965970
0.43401668
0.46441134
0.44697379
0.44243799
0.49229279
0.50615974
0.54263408
0.56534049
0.56026216
0.55723817
0.54166004
0.50122537
0.38321549
0.30401563
0.26179792
0.29141731
0.30867615
0.21866535
0.14630928
0.20101157
0.25835302
0.32903553
0.34425164
0.33208511
0.31825293
0.31474301
0.32454703
0.31002098
0.26737518
0.24649626
0.22407798
0.18376254
0.11776599
0.29786914
0.32916045
0.33949853
0.34591262
0.35975138
0.35686867
0.34422750
0.37291731
0.34977809
0.35841505
0.36146959
0.36990556
0.37951805
0.35671473
0.26493913
0.13998927
0.09340809
0.31616324
0.43672933
0.32345961
0.09043531
0.13137168
0.16222974
0.36557680
0.33312062
0.36764558
0.41936890
0.43534682
0.42162488
0.50121262
0.50846694
0.54178346
0.57925799
0.57034059
0.56412106
0.54883903
0.50244776
0.42682695
0.34390169
0.27681539
0.26160178
0.29382436
0.26617043
0.19468738
0.14961617
0.23001011
0.24512886
0.28318340
0.32932243
0.34713101
0.34088552
0.35816131
0.35372910
0.30460050
0.24921700
0.25951125
0.27816834
0.28110888
0.19986983
0.28730040
0.34910236
0.35762650
0.37522337
0.38017836
0.37919278
0.37664797
0.37322819
0.38533807
0.34700512
0.36305867
0.38740334
0.39772077
0.41365814
0.40767687
0.28253898
0.11791454
0.10771652
0.23018879
0.42809201
0.29796188
0.10543228
0.17633930
0.27386188
0.39422587
0.30800719
0.37439963
0.42599887
0.44100040
0.48832013
0.52211849
0.51604135
0.53968449
0.53921497
0.56508530
0.55916646
0.54460640
0.47785430
0.37647627
0.30775828
0.29637356
0.30957200
0.31000784
0.24275906
0.18987887
0.22498210
0.26067988
0.24644543
0.26076426
0.31554286
0.33263601
0.36837110
0.36962486
0.33791723
0.29311293
0.26384308
0.26870341
0.28572449
0.29179108
0.26069183
0.34764738
0.36063006
0.38866572
0.39759527
0.39004307
0.40706808
0.39138373
0.39230574
0.39602847
0.37161962
0.38559033
0.40140454
0.42078965
0.43374181
0.42067057
0.23395813
0.15308488
0.08895747
0.16989890
0.40037210
0.24631721
0.17790071
0.43244038
0.43364220
0.36107749
0.28873461
0.34241719
0.43641428
0.44279233
0.50336376
0.51173187
0.50000478
0.51684686
0.53460555
0.54516516
0.53731198
0.52946784
0.46679104
0.38400884
0.30531134
0.29379216
0.33530517
0.31045367
0.25410821
0.19859758
0.27487870
0.30551407
0.27355249
0.22595497
0.33108197
0.37392205
0.42138741
0.40453117
0.36555260
0.34371135
0.30130920
0.31393117
0.31039292
0.30344174
0.27346141
0.28297717
0.37764115
0.40680715
0.41774450
0.41153859
0.39817480
0.41433805
0.41286081
0.39828918
0.40391127
0.39432762
0.40071212
0.43465386
0.44075511
0.42465097
0.42667333
0.26722792
0.17459405
0.13326928
0.14077392
0.34013025
0.29458202
0.21399387
0.23915651
0.34787041
0.32178106
0.30420785
0.36567330
0.46030650
0.42587287
0.41041010
0.42053019
0.43874423
0.46080735
0.38213110
0.25387117
0.17179901
0.29448021
0.41729676
0.33568282
0.30719008
0.36170909
0.37863348
0.32706307
0.28585210
0.20226279
0.30970517
0.32389602
0.26505424
0.19703479
0.27888484
0.43119566
0.46806268
0.40667956
0.40170825
0.38413888
0.37206304
0.38114074
0.35784337
0.34977173
0.31503623
0.31185123
0.41858171
0.43672188
0.43981949
0.42878330
0.41893540
0.44313823
0.42646142
0.40782698
0.42436320
0.39665992
0.41401075
0.44397092
0.48519551
0.45855683
0.44893208
0.34160274
0.19735748
0.18917476
0.17779213
0.22080821
0.35163998
0.23680459
0.22323436
0.28353791
0.36060456
0.33583236
0.39419924
0.33354155
0.31074484
0.31253624
0.33862247
0.35920582
0.26289000
0.21309171
0.24304204
0.28163294
0.15123159
0.32136098
0.31289241
0.34154188
0.39980240
0.39845188
0.33400535
0.28974443
0.20703758
0.35147951
0.38983749
0.30627780
0.18918695
0.24545470
0.48737260
0.44299591
0.40829000
0.44335714
0.42071027
0.40697903
0.37209201
0.36548328
0.32422788
0.30084242
0.19152336
0.33338904
0.42768136
0.45065932
0.45729519
0.44460394
0.42959408
0.45348770
0.44974339
0.45166091
0.42522943
0.43539934
0.44452718
0.44790914
0.46900001
0.51052769
0.46922682
0.38025440
0.23207066
0.22579485
0.26184629
0.15929031
0.25223521
0.23747597
0.36675619
0.32925569
0.33377878
0.28259513
0.26519351
0.26084392
0.27046337
0.26300596
0.23037105
0.25275152
0.28984370
0.24229068
0.11198329
0.27464420
0.30355908
0.27312122
0.33886642
0.36773483
0.44116026
0.43904216
0.33247220
0.30335365
0.21897545
0.37955723
0.47976180
0.34091871
0.19362860
0.21654196
0.44248145
0.36221767
0.41116819
0.46900791
0.44565878
0.43004523
0.38520860
0.35755260
0.32820527
0.30278932
0.26471798
0.25069691
0.37613396
0.44776079
0.45430443
0.45931436
0.46331934
0.44303286
0.45613857
0.46711239
0.45370326
0.46111824
0.47408059
0.46448091
0.48012584
0.50735502
0.54569393
0.54023654
0.49617419
0.41306494
0.32730616
0.33355157
0.24315143
0.16939789
0.18977526
0.18841407
0.21792446
0.21229042
0.22888218
0.24271120
0.23716724
0.22653428
0.24340086
0.27499038
0.31746271
0.31938044
0.25488364
0.04172443
0.09015108
0.38112076
0.33968518
0.41659275
0.42582774
0.47284906
0.46500901
0.37726259
0.33855818
0.23673190
0.42253962
0.47709128
0.37559612
0.21506557
0.16493095
0.36092572
0.33478760
0.42890375
0.46753669
0.47230182
0.46275198
0.45053505
0.40281681
0.34173545
0.29776767
0.26059211
0.25833383
0.40808359
0.46271069
0.46366913
0.47143808
0.46187649
0.46635336
0.45669827
0.47401614
0.46577382
0.45619811
0.48531264
0.49803968
0.52069841
0.52538868
0.55798570
0.54111915
0.52077820
0.37704164
0.41282704
0.32518721
0.32300601
0.26604461
0.20358407
0.21511321
0.22726688
0.24708674
0.26200181
0.26938828
0.28906468
0.34163569
0.36428818
0.40037248
0.41466383
0.35971742
0.26793679
0.14072444
0.02271232
0.26439296
0.39138507
0.46625641
0.47348375
0.51888391
0.48920893
0.40801538
0.37783478
0.25487165
0.38762450
0.52226177
0.41472623
0.22709752
0.10911687
0.31870444
0.34914005
0.45230454
0.46147643
0.49892250
0.48178818
0.45002208
0.41062927
0.36960453
0.32342191
0.24730230
0.29830842
0.42808462
0.46442878
0.47826340
0.47597019
0.47234386
0.47499035
0.47779747
0.46997104
0.49059779
0.48613247
0.49549634
0.51096909
0.53115060
0.51024630
0.54365366
0.55669942
0.66041234
0.52447342
0.31808814
0.35513142
0.35000324
0.41319660
0.38291896
0.36044855
0.40762533
0.41404559
0.40623994
0.38759146
0.41465581
0.44782436
0.48143085
0.49397538
0.54285933
0.50584523
0.37147952
0.34508897
0.17562897
0.10236123
0.36565983
0.50662517
0.49090190
0.53263859
0.52191541
0.38908922
0.36910425
0.25292899
0.32607310
0.44878669
0.43054362
0.23611160
0.09597563
0.30331794
0.35805155
0.42930322
0.47388641
0.50253303
0.47985155
0.42745905
0.42063151
0.36107973
0.31024145
0.26989525
0.20102392
0.32891912
0.42151884
0.46119125
0.48256239
0.50324203
0.50800105
0.50471657
0.51896943
0.52721965
0.51598299
0.52797353
0.55941484
0.54791103
0.52458184
0.53354889
0.53502908
0.58177117
0.69136174
0.63958418
0.56445659
0.50402470
0.48626693
0.55481299
0.51790451
0.50557584
0.50653601
0.52438192
0.51881724
0.52146715
0.53015444
0.52731505
0.56355589
0.62376407
0.74765351
0.65557106
0.51401352
0.41255998
0.31246607
0.16036921
0.27494991
0.41842379
0.44488485
0.46414167
0.41596607
0.37459978
0.39956156
0.25635142
0.34318494
0.47253414
0.48901871
0.25346336
0.09644976
0.32225335
0.37891528
0.42681723
0.46470560
0.49745447
0.48155100
0.39776948
0.41207254
0.34731177
0.30662640
0.28011986
0.23609536
0.34262313
0.43154799
0.45691146
0.47689121
0.51104716
0.53181943
0.52371953
0.52810316
0.56070334
0.53476767
0.54379051
0.58369837
0.55227274
0.53058594
0.50209510
0.52618356
0.57154706
0.72425528
0.73963093
0.62469357
0.58364730
0.58385542
0.65050987
0.59303976
0.55093871
0.52396934
0.53345471
0.50965321
0.53180666
0.52758150
0.54615554
0.55695884
0.64218352
0.90540274
0.73159283
0.54245283
0.41752342
0.33559909
0.20706109
0.29715430
0.44330082
0.43976702
0.42941543
0.38372897
0.42294938
0.39855775
0.33159183
0.31786912
0.49385284
0.52074366
0.30922782
0.11872571
0.28696018
0.40290364
0.41808267
0.45070937
0.47660392
0.48369487
0.42397236
0.36524033
0.36251642
0.34075483
0.33603023
0.22091373
0.33537233
0.44271748
0.47626090
0.49731343
0.52565161
0.54585615
0.54409358
0.55634303
0.57297678
0.54704156
0.54764075
0.58446323
0.54413914
0.51122596
0.50510158
0.55173188
0.57778108
0.77399851
0.70942618
0.58374055
0.55395583
0.50920766
0.61913514
0.58506515
0.54149292
0.53230562
0.52008320
0.50543975
0.50826434
0.50836600
0.54364820
0.56112613
0.61987526
0.67625570
0.62933806
0.49388853
0.42532928
0.22749144
0.20417597
0.42519957
0.49065836
0.50939864
0.47407517
0.45999901
0.45333955
0.40170597
0.35564995
0.27790619
0.47951796
0.52870125
0.31564840
0.15584001
0.23305003
0.47860742
0.47040659
0.44444177
0.46186980
0.47320348
0.45371741
0.38196883
0.39632509
0.39447412
0.35007528
0.22197269
0.31845515
0.39864871
0.48772564
0.51917064
0.53662432
0.56756349
0.53408869
0.55264751
0.56094691
0.55598631
0.53810486
0.58606128
0.53157965
0.51197525
0.51286079
0.57500750
0.63808202
0.67872483
0.54968262
0.37847478
0.39885830
0.38014485
0.50724077
0.49151039
0.46691576
0.46051987
0.45351698
0.42007547
0.41332515
0.41124413
0.44066721
0.47395635
0.49039572
0.53185892
0.51270179
0.42314586
0.29407431
0.04495313
0.34037914
0.43463860
0.44739220
0.46260848
0.43612080
0.50414972
0.46526413
0.39881451
0.36542878
0.26835164
0.41604189
0.44743829
0.30976505
0.19704187
0.21954869
0.42405429
0.54221534
0.48340811
0.47849550
0.45842569
0.41735490
0.38229872
0.38055202
0.36174750
0.30358135
0.22362087
0.33910653
0.42844589
0.48875404
0.51832562
0.53506417
0.56363158
0.53882893
0.54825309
0.57703035
0.56740111
0.56643723
0.55540678
0.53032680
0.50602791
0.52464244
0.60530003
0.65258796
0.66686849
0.51177349
0.39831454
0.43166301
0.39560752
0.41572139
0.35314396
0.32633189
0.30601294
0.34012118
0.36701479
0.38450010
0.36864130
0.35763987
0.34984442
0.38214212
0.44967538
0.45575231
0.36878829
0.12472713
0.05458385
0.40257623
0.41013812
0.38907874
0.41176468
0.41424133
0.46786379
0.46064993
0.40134418
0.35509082
0.26361688
0.36245043
0.38958711
0.31800218
0.23363736
0.21580637
0.37104404
0.46049388
0.50471806
0.47979427
0.42456102
0.38859270
0.39687784
0.39937868
0.36214239
0.33503532
0.34884091
0.46751252
0.50389166
0.52730043
0.53282184
0.54993858
0.54225042
0.54653577
0.57445584
0.54404099
0.53965291
0.54780906
0.52916370
0.50951036
0.55011475
0.62285801
0.68067623
0.66866381
0.58188238
0.45407752
0.37020843
0.39166695
0.31090451
0.27881183
0.26652348
0.28063673
0.29382559
0.30398513
0.35596769
0.37487112
0.39803609
0.38182929
0.33700241
0.35628728
0.40320908
0.38208021
0.19129334
0.13087526
0.38698469
0.31049162
0.40524301
0.39576932
0.38299771
0.42388673
0.45407186
0.41909619
0.37401295
0.26208184
0.31520879
0.36456967
0.31993078
0.27455002
0.23269788
0.35121412
0.40126660
0.47824263
0.46473146
0.42500892
0.38142694
0.41569178
0.41254363
0.35102936
0.30460090
0.38559789
0.48108140
0.49198245
0.51837054
0.52355226
0.55600927
0.53601276
0.55093503
0.57631833
0.52239045
0.53700891
0.53519131
0.52415440
0.51363517
0.54461945
0.57886098
0.66024443
0.69806162
0.60122507
0.40778220
0.34967741
0.31309253
0.23543942
0.27346280
0.33224067
0.44195373
0.46853555
0.38009486
0.39689144
0.38801461
0.40246488
0.43230019
0.43881092
0.45088532
0.38504136
0.35099448
0.34401411
0.34487862
0.28012826
0.30842012
0.47578766
0.42030440
0.37916391
0.38078753
0.43819520
0.43187885
0.33614009
0.28997753
0.23221987
0.30926580
0.30854557
0.28482757
0.29706418
0.38711029
0.39936371
0.43774685
0.46992393
0.42268363
0.40960976
0.42490886
0.41825610
0.33558044
0.27484654
0.37727837
0.46258964
0.50065394
0.51191667
0.51988408
0.54976884
0.52999245
0.54167551
0.59264593
0.53088746
0.52747775
0.54428135
0.52782139
0.53232840
0.54120830
0.56461159
0.58679858
0.66140230
0.38843948
0.30814241
0.25014298
0.23090396
0.28263356
0.26561639
0.32880785
0.29119049
0.35262012
0.34084970
0.43625210
0.51255208
0.45517426
0.47538775
0.49984338
0.55214075
0.59252180
0.55134101
0.45257517
0.43341522
0.50284289
0.59273246
0.56879918
0.48488619
0.43095807
0.36522534
0.40346131
0.41323753
0.37159594
0.27253077
0.18488862
0.26822835
0.28365780
0.30683444
0.37134048
0.41833218
0.41424507
0.41481202
0.44947218
0.43549436
0.38605367
0.35838402
0.32559465
0.28262203
0.21052380
0.35153449
0.44307820
0.49837137
0.50940739
0.51719984
0.54038441
0.53554849
0.53594028
0.58784735
0.57896137
0.55390233
0.55366174
0.60144557
0.54194481
0.53700876
0.55958721
0.58638348
0.65220345
0.34396769
0.22169150
0.17826148
0.18645660
0.36057980
0.22098161
0.21367198
0.30591716
0.31857525
0.31934276
0.34367067
0.50948013
0.58686045
0.58360291
0.54520008
0.54933395
0.63875890
0.68642885
0.66004228
0.66779403
0.62925890
0.62424950
0.61545626
0.54762498
0.44967197
0.38590642
0.36799742
0.40827837
0.39902388
0.30402560
0.20954956
0.16588841
0.29415433
0.39296609
0.48499744
0.45965655
0.43188639
0.41312205
0.43295141
0.40951386
0.34780614
0.32265024
0.28882872
0.22583269
0.17620805
0.43273052
0.47995832
0.49655731
0.50384840
0.53445495
0.53336458
0.52612982
0.53907578
0.54521111
0.54101271
0.55046338
0.62715007
0.58220888
0.52404912
0.55015729
0.54281104
0.54774838
0.35662137
0.17992556
0.13005857
0.16265138
0.35561503
0.22496518
0.17954080
0.50595721
0.35403193
0.33802864
0.33437000
0.42914087
0.55336043
0.60725421
0.59596119
0.59713866
0.62984311
0.66174177
0.67384063
0.65463637
0.65263155
0.64246343
0.63345679
0.55936383
0.46499176
0.41267893
0.36228466
0.40393017
0.40336693
0.38178279
0.29012836
0.20733266
0.39511654
0.47177677
0.47592862
0.41640844
0.39983652
0.39100535
0.39181400
0.39242602
0.33291594
0.28224668
0.23983121
0.18284094
0.39667363
0.45234855
0.48813882
0.50532885
0.52785544
0.53793474
0.50131625
0.50508139
0.52700834
0.53806425
0.52667131
0.52390029
0.54730317
0.51978799
0.54593853
0.52535690
0.51333252
0.35321337
0.13817211
0.15388434
0.17366493
0.38514778
0.23358180
0.19340842
0.39381286
0.36924096
0.33991378
0.34356502
0.41437448
0.49573106
0.53853398
0.53747683
0.57027135
0.61398021
0.65925952
0.71964419
0.70393019
0.67196969
0.64888245
0.63058717
0.62445600
0.54932115
0.44989412
0.39868817
0.37525019
0.38190320
0.41703332
0.39009061
0.33135890
0.42967274
0.49446688
0.42840185
0.39103033
0.36482623
0.36545961
0.34880662
0.31085423
0.25272763
0.21611517
0.20019658
0.43497264
0.48288343
0.49563092
0.50594078
0.53631921
0.50243922
0.50865908
0.54944738
0.50912758
0.51757714
0.51556201
0.48290250
0.50605528
0.52556284
0.50251575
0.50397565
0.40432167
0.15638973
0.14225561
0.20583819
0.46345149
0.26955392
0.09613301
0.15407725
0.23250845
0.43342682
0.38957329
0.41116232
0.48610985
0.55301832
0.51731904
0.55239811
0.58073182
0.62723507
0.69852108
0.71114125
0.66841807
0.65682445
0.62587381
0.61478673
0.59482088
0.53223689
0.45666068
0.38563088
0.38798933
0.41318172
0.41115485
0.35474443
0.38038937
0.43037081
0.38484438
0.38278152
0.35628124
0.33669677
0.29834132
0.27588825
0.22518486
0.22532897
0.20812530
0.40156416
0.47242745
0.50773603
0.50413538
0.53619524
0.51934584
0.48976205
0.51100997
0.48115112
0.52009877
0.50086377
0.48795810
0.51244653
0.51256527
0.50048077
0.51594062
0.46950493
0.24106763
0.12109307
0.26835581
0.53438908
0.32756071
0.07699771
0.16484626
0.23043754
0.40707256
0.45449293
0.41066476
0.50655277
0.53958937
0.58996420
0.53812222
0.55450011
0.59993690
0.60893286
0.66321947
0.66346287
0.64416430
0.62479540
0.61001535
0.59788017
0.56404460
0.51182025
0.41962354
0.36936383
0.35958543
0.36813248
0.34208697
0.34382987
0.41046711
0.41239294
0.40628583
0.35281959
0.30311919
0.28262731
0.27716657
0.24971576
0.24744682
0.44502716
0.50054669
0.50034353
0.49315265
0.50790972
0.48678401
0.49229783
0.47041068
0.52609053
0.51408652
0.50150999
0.49219218
0.49859745
0.49305783
0.48118484
0.45161911
0.27377639
0.13891152
0.33813487
0.55920702
0.36837480
0.08570758
0.11054994
0.15922667
0.35356272
0.44379570
0.43768968
0.56345841
0.62774038
0.60332180
0.53253720
0.54383982
0.55532814
0.58226201
0.65645418
0.65264007
0.64716778
0.63950903
0.63422943
0.58601198
0.54180641
0.53989001
0.53284833
0.47620198
0.38097466
0.37008410
0.38509368
0.38645501
0.47931909
0.47363706
0.36415691
0.28924418
0.30848414
0.31136971
0.29787368
0.28910225
0.45217122
0.46408461
0.47030601
0.48860930
0.48417487
0.45294803
0.46424304
0.46959596
0.49356387
0.48367723
0.45816205
0.46932928
0.49800614
0.46789093
0.38248614
0.25887379
0.17268463
0.33062568
0.51670994
0.36811637
0.13978507
0.13980653
0.27544808
0.41323334
0.46153328
0.46883140
0.56583005
0.60062122
0.63778413
0.54148063
0.54093562
0.57632851
0.57518884
0.65257539
0.63275318
0.63552756
0.62043692
0.59929971
0.57636525
0.55968646
0.54411950
0.54721148
0.54638516
0.52502603
0.48510046
0.46539039
0.45967169
0.47276513
0.42192342
0.31921128
0.31204257
0.29700302
0.30423984
0.30294113
0.38454312
0.41737206
0.45018081
0.46126983
0.45423097
0.41906881
0.42899600
0.40632257
0.43033586
0.44064363
0.41683975
0.44155882
0.46590314
0.45144289
0.34418402
0.25083146
0.15278491
0.26791499
0.46538793
0.38584911
0.22919802
0.11824222
0.28861621
0.37285141
0.38919241
0.47577287
0.57763083
0.64547825
0.64150540
0.60815224
0.57686898
0.59292058
0.59083457
0.58393345
0.59902057
0.57057256
0.57754995
0.55762870
0.53874807
0.54795976
0.54233466
0.52228266
0.56868438
0.57474922
0.51601886
0.47640039
0.44543858
0.39197813
0.34227827
0.30274320
0.28158910
0.29854642
0.29332067
0.37701570
0.40491027
0.41096244
0.43429841
0.39793749
0.40789598
0.40828990
0.40823044
0.43692739
0.44202857
0.45434198
0.45521185
0.44912842
0.33624235
0.25257140
0.14957650
0.18830364
0.40609331
0.40357659
0.24910242
0.11160642
0.11284685
0.24794284
0.34870854
0.47627849
0.57493140
0.64793430
0.67363764
0.64946954
0.63402410
0.60364819
0.61682883
0.61554366
0.62792128
0.59192870
0.57949386
0.56078389
0.51391102
0.48100745
0.48077076
0.48620270
0.47499809
0.47348576
0.46721981
0.43137633
0.37777402
0.31818246
0.28327012
0.29163264
0.30234055
0.28414322
0.36982874
0.39551399
0.40797568
0.40776031
0.39120078
0.40908846
0.40538493
0.42754855
0.43383049
0.42819979
0.44647641
0.42625394
0.36886941
0.22102062
0.14406606
0.17226485
0.32378658
0.38437124
0.31378808
0.17239520
0.13440214
0.17128846
0.35119371
0.46021667
0.54545040
0.62630660
0.64449597
0.69080804
0.66255505
0.61463604
0.55647049
0.56522174
0.57159951
0.51872426
0.49678642
0.46077963
0.43804802
0.40288447
0.38868727
0.38834911
0.38237927
0.35618293
0.34030104
0.33814448
0.31782417
0.33612497
0.29497406
0.27635306
0.36720912
0.36847540
0.37913235
0.36842117
0.37395867
0.37909565
0.39210492
0.38892353
0.38748674
0.38303297
0.35893575
0.29258390
0.16506903
0.14305030
0.21299904
0.30925338
0.32294036
0.29090702
0.27324043
0.26974958
0.36522966
0.47816271
0.52510934
0.60640865
0.59977709
0.64194054
0.65987838
0.63487087
0.58494955
0.53833234
0.47652291
0.42735299
0.39191024
0.37932271
0.38671453
0.39019381
0.38520150
0.36014257
0.36878023
0.35540862
0.32828645
0.30174594
0.26571082
0.26453818
0.31094586
0.31522491
0.31745678
0.30323823
0.31070231
0.30987733
0.32214790
0.32171587
0.32749032
0.31671184
0.28220068
0.18660739
0.10288983
0.14500749
0.20983216
0.26729216
0.32930748
0.33748876
0.33955802
0.38670869
0.48912231
0.53827872
0.55169678
0.58104068
0.60139351
0.59819679
0.59209926
0.53399221
0.48026445
0.42640344
0.36703501
0.36013576
0.33796743
0.31238067
0.27927684
0.27368663
0.26246114
0.26156926
0.25171787
0.23328163
0.24795172
0.23317836
0.25897004
0.25897276
0.25450018
0.22590195
0.13211295
0.13819457
0.13447613
0.18126832
0.24633578
0.29332995
0.35795127
0.41613194
0.47800839
0.49873416
0.49163853
0.49987112
0.51388378
0.53509850
0.51495235
0.48811522
0.43061823
0.38307555
0.21023449
0.21141248
0.23494829
0.23576536
0.24287946
0.23600054
0.19773956
0.15606064
0.15726584
0.15449167
0.19009408
0.25390034
0.35028125
0.39207853
0.42008152
0.39825025
0.40506402
0.41403291
0.39450121
0.40023255
0.38227009
0.34751997
