0.25789249
0.30685938
0.33056179
0.33062651
0.34458930
0.32647866
0.31373609
0.29445498
0.29843954
0.10552154
0.09257462
0.07466029
0.09052898
0.17650200
0.26791953
0.34857155
0.42073970
0.44152317
0.43148522
0.42688748
0.45770004
0.47294097
0.44007617
0.41214764
0.38299803
0.33944741
0.26614251
0.25332581
0.24657202
0.21887140
0.19313567
0.17103821
0.18197884
0.19242846
0.19922191
0.20394184
0.20133831
0.12842376
0.14029243
0.14649134
0.14013474
0.07699571
0.07334676
0.07869321
0.13216170
0.22191319
0.29382126
0.36716438
0.46820456
0.51343264
0.54314728
0.55301094
0.59517609
0.58351407
0.54484740
0.51571189
0.48107817
0.41160779
0.36840387
0.29081729
0.27864625
0.28099843
0.25433874
0.28069588
0.23519844
0.21094555
0.20787630
0.20471465
0.21693937
0.21804378
0.22942625
0.23007287
0.20120083
0.19983054
0.15828848
0.15303536
0.15208580
0.16451682
0.18254125
0.20790962
0.23053828
0.15428402
0.12739553
0.10737708
0.14986535
0.23208089
0.29680256
0.31735374
0.32373382
0.45583369
0.52912333
0.60587611
0.62042197
0.64764805
0.64666825
0.61377160
0.58396791
0.53865354
0.48445165
0.48660589
0.44767268
0.37057180
0.36828917
0.36233757
0.34018935
0.33329539
0.34657769
0.33072165
0.29995452
0.27189483
0.23862310
0.22288693
0.22207196
0.20552027
0.22394410
0.23576075
0.22152747
0.26222969
0.27367926
0.26330350
0.23695857
0.22692027
0.22797792
0.27561988
0.27979436
0.27405918
0.26718488
0.15364809
0.14861593
0.17347790
0.20971734
0.24615722
0.25666652
0.22865265
0.23671909
0.44578202
0.54783345
0.61285978
0.67407941
0.68942008
0.67984774
0.66248359
0.64059576
0.60189475
0.57987373
0.56509186
0.54799693
0.51465999
0.47742078
0.47642812
0.44991277
0.45370323
0.44891992
0.43324187
0.42685701
0.41620157
0.38415879
0.33206160
0.29145242
0.27856736
0.25084997
0.22824409
0.22377905
0.22471087
0.32367389
0.33512242
0.35371432
0.34144714
0.34037788
0.33894142
0.37023712
0.37442568
0.36461698
0.33758046
0.28351236
0.14914079
0.17973625
0.29094473
0.30055993
0.18207598
0.12802748
0.08601141
0.19025691
0.39575737
0.53348936
0.63202167
0.74248084
0.74982397
0.72328138
0.70608139
0.66059095
0.65953369
0.65215915
0.64327392
0.63862016
0.60244923
0.58298218
0.55474623
0.53333406
0.54557196
0.54714228
0.52275673
0.47572957
0.42357035
0.42580810
0.37810297
0.35952220
0.33361726
0.29501679
0.25653343
0.23672063
0.22899496
0.21860982
0.35337238
0.37604577
0.36835865
0.38796707
0.41979699
0.41096675
0.42300754
0.42769340
0.43975043
0.42812534
0.41179928
0.39813265
0.24445532
0.16089165
0.17885777
0.35580266
0.34565077
0.22795437
0.08081052
0.20912255
0.32274981
0.36683655
0.50584508
0.60223519
0.70325023
0.72776082
0.73302273
0.70504197
0.68975181
0.73203080
0.70203918
0.70227695
0.69904209
0.67774667
0.63136006
0.58200291
0.55966800
0.56371345
0.47490418
0.38592939
0.37196134
0.39256867
0.41064236
0.39783478
0.40779215
0.37179026
0.36719162
0.34138557
0.29625144
0.26616960
0.23071797
0.18356952
0.15439176
0.38612503
0.41546970
0.42358544
0.42190405
0.43919915
0.42310133
0.42169083
0.46946880
0.46362828
0.44722470
0.46733957
0.45242386
0.40332311
0.29811329
0.21644841
0.20612011
0.38461054
0.32115554
0.25624183
0.13283761
0.39131382
0.44204037
0.46468179
0.46157599
0.57186165
0.61841608
0.66421684
0.68585678
0.67614983
0.68910674
0.72872571
0.70695614
0.73749510
0.71126297
0.69287805
0.67607180
0.63432606
0.58477425
0.49125931
0.43736924
0.41343789
0.41860590
0.39929608
0.43639899
0.46818753
0.45972117
0.43818355
0.39761104
0.37346170
0.35269945
0.31440874
0.31962640
0.27381569
0.21726165
0.17293645
0.39361416
0.42451054
0.44087394
0.45230268
0.47120745
0.46547587
0.45097589
0.46044173
0.48757774
0.46902125
0.45866001
0.48999800
0.51376958
0.46419984
0.32968613
0.27857920
0.18166916
0.45466425
0.34406594
0.21158669
0.11017090
0.22502684
0.45297768
0.48094812
0.48515211
0.53953687
0.59460776
0.66455280
0.65418543
0.68311285
0.70544249
0.72901734
0.76141721
0.75968285
0.74769135
0.73260572
0.67905843
0.62655048
0.53846766
0.45848822
0.42525055
0.44058975
0.44565822
0.42493471
0.45836968
0.51517040
0.48902454
0.44731785
0.42901768
0.38894722
0.38010023
0.36062273
0.34399789
0.34051158
0.29357241
0.23887530
0.18992783
0.45046437
0.47889897
0.47757416
0.47390435
0.48910881
0.51590131
0.49699960
0.49288240
0.49041527
0.50043078
0.48230605
0.50329213
0.54998472
0.53257429
0.45481319
0.30123611
0.16536102
0.52907834
0.40317958
0.17511155
0.05232138
0.13899500
0.28328839
0.48211670
0.51798005
0.57823813
0.60615090
0.69259188
0.62885086
0.68638306
0.71281563
0.74710137
0.77578523
0.79483026
0.78273295
0.75363009
0.68495822
0.60309032
0.52781314
0.44828229
0.47483221
0.51645111
0.49119073
0.39984075
0.50327313
0.55941619
0.51883692
0.50642763
0.48568009
0.43658285
0.38962766
0.36907279
0.37124393
0.35299631
0.32333411
0.29411467
0.25037838
0.16941525
0.47030654
0.50148407
0.51749890
0.52079138
0.53677861
0.55141013
0.51476207
0.55113010
0.53345526
0.51208732
0.53008877
0.53474069
0.56201988
0.55753931
0.51760881
0.42004705
0.26557691
0.14056793
0.47370131
0.45736768
0.18866931
0.22760546
0.10341725
0.33330747
0.50678765
0.52789167
0.60479280
0.59390185
0.62354244
0.65748532
0.70769799
0.75573559
0.82901454
0.85082566
0.81994858
0.78023162
0.74644574
0.67517882
0.53488183
0.49207459
0.47284180
0.51631778
0.50172048
0.42709784
0.28326040
0.45694896
0.48414996
0.48015728
0.49353169
0.49662055
0.45825763
0.42725807
0.41239430
0.40956073
0.38788920
0.38528105
0.36017358
0.32083036
0.28317509
0.49594883
0.52533458
0.53310443
0.55126521
0.55498169
0.56834678
0.56116702
0.54994305
0.58186610
0.56932613
0.54535113
0.56691512
0.57255070
0.57226815
0.61636418
0.58938449
0.45586437
0.21339509
0.13752552
0.32238863
0.41014231
0.22869971
0.13504223
0.25560545
0.54301211
0.51251783
0.50662389
0.61642550
0.60924443
0.63419890
0.71714539
0.72440487
0.76247789
0.83720408
0.83976249
0.79426641
0.74626841
0.72223926
0.65591810
0.55578033
0.49469964
0.48020272
0.50841979
0.53534707
0.37878315
0.20577276
0.29169751
0.43320999
0.39447999
0.42405543
0.43786964
0.44050909
0.45872926
0.47079695
0.47229166
0.44757736
0.43239597
0.38503055
0.37528201
0.34581313
0.32927899
0.55328056
0.54634719
0.57475382
0.59415829
0.59507705
0.59332260
0.58118316
0.57864223
0.58800882
0.57688823
0.54735415
0.59437221
0.61849022
0.63305209
0.63549234
0.62914189
0.43286023
0.20902986
0.13289114
0.23261017
0.37621412
0.27357498
0.41323919
0.77729751
0.62174029
0.51617904
0.49950344
0.58654629
0.63335971
0.71772104
0.76654989
0.76970779
0.81138516
0.79849933
0.81219860
0.78099117
0.77775420
0.71600507
0.61045631
0.54615464
0.50349161
0.50365634
0.49991074
0.50870940
0.35907593
0.25342207
0.34002610
0.39272884
0.38412777
0.37676420
0.41165358
0.43231129
0.47961332
0.50641728
0.51405716
0.51479328
0.47071548
0.45456936
0.40622012
0.39282281
0.33337183
0.25740262
0.50849460
0.58466282
0.59804317
0.61487957
0.60759276
0.59134704
0.60453655
0.60657400
0.62411076
0.61062372
0.61187198
0.61977261
0.63120079
0.66153794
0.65556374
0.66254260
0.63926336
0.41447639
0.21205522
0.12261357
0.18276138
0.39569098
0.29305175
0.31867104
0.69406776
0.47173523
0.47275099
0.49584193
0.61207153
0.66664864
0.68670351
0.69991476
0.71174299
0.71578961
0.75312413
0.73275930
0.71639018
0.73039475
0.71172821
0.63491088
0.52551708
0.53388143
0.52934796
0.57748773
0.50684019
0.34229705
0.24924871
0.40356987
0.43307801
0.44148226
0.37849378
0.37736330
0.48155028
0.51325792
0.58639007
0.61209268
0.60453043
0.55820981
0.50870885
0.47506200
0.45347982
0.37847183
0.28708386
0.53810682
0.63862487
0.64884600
0.64428943
0.63382152
0.63121625
0.64528903
0.64539694
0.62698450
0.62796945
0.62453186
0.60911325
0.62315565
0.67869517
0.71089592
0.67063289
0.67225895
0.47933424
0.26062066
0.21604714
0.17435329
0.37184021
0.29698270
0.30270032
0.59146989
0.44349648
0.49984537
0.50501428
0.59300895
0.55682123
0.54285217
0.55267005
0.59409624
0.64441407
0.57170372
0.40114372
0.27137874
0.22807558
0.55115148
0.62242706
0.53874334
0.50185029
0.55356703
0.57629167
0.49676471
0.36281147
0.25722587
0.41962735
0.45429704
0.46806288
0.40994022
0.33798927
0.42713448
0.57508127
0.66456942
0.64894769
0.61755384
0.63180040
0.57483261
0.53374259
0.52187958
0.43630726
0.30638320
0.37168548
0.54669754
0.64759458
0.66207835
0.67872248
0.65877910
0.64369323
0.65715166
0.67894519
0.65767148
0.65521431
0.63618734
0.64687185
0.67817465
0.69602201
0.75221950
0.74126105
0.70764034
0.55191519
0.29108043
0.26129951
0.26062224
0.25440706
0.35311364
0.45765681
0.40416102
0.51908070
0.48590078
0.48643081
0.46766778
0.42237224
0.43309556
0.45509560
0.45417399
0.40032743
0.35724195
0.32986595
0.32606361
0.31502049
0.31472365
0.53182473
0.50415461
0.54039498
0.62588742
0.63523085
0.51040033
0.38991218
0.26767033
0.41226492
0.52694613
0.56982035
0.47573066
0.32182825
0.37574623
0.59563877
0.68702378
0.63407453
0.62527877
0.65913763
0.62015874
0.61230436
0.52422367
0.48220032
0.36051831
0.19778532
0.44744767
0.59107656
0.66350480
0.67324618
0.67468036
0.68159934
0.66103002
0.68404103
0.70585057
0.73109729
0.67564383
0.69463327
0.70805355
0.70716126
0.71340484
0.75725303
0.83976384
0.77258481
0.67559377
0.35931833
0.32551752
0.35357556
0.19731782
0.29030920
0.32531338
0.44913590
0.45189270
0.36343277
0.36248940
0.40153900
0.39791957
0.37012076
0.32225851
0.30947167
0.39197257
0.44314186
0.37285711
0.15235020
0.41611731
0.29396390
0.47115889
0.50536941
0.56927242
0.69144523
0.66996467
0.51874006
0.38987236
0.30120256
0.40996881
0.59395057
0.69431951
0.53886626
0.34342771
0.30448782
0.57087383
0.65586417
0.58793696
0.63414250
0.67803622
0.71537070
0.65307060
0.56979676
0.48475487
0.38294846
0.20288830
0.29155220
0.44236504
0.63029282
0.68516217
0.68528647
0.70382838
0.69617432
0.70464345
0.69032333
0.68328385
0.72451575
0.71347410
0.71189100
0.73846731
0.72352108
0.76469800
0.81745714
0.89614986
0.85991076
0.77616212
0.63192995
0.54417689
0.47335033
0.34520891
0.22666341
0.27671582
0.30040197
0.31253044
0.34687842
0.36779011
0.36246559
0.35558796
0.38721926
0.42575157
0.45363930
0.48628807
0.47538177
0.37630335
0.10980932
0.21061743
0.42912269
0.51949590
0.62459552
0.65092625
0.74538581
0.76226729
0.59567152
0.41185459
0.31467750
0.39221495
0.67240068
0.70755606
0.60277705
0.37278545
0.27420330
0.53617479
0.61460596
0.54031682
0.61759709
0.68151965
0.73779639
0.70221587
0.62184919
0.54482321
0.39076032
0.21462479
0.31268904
0.50197040
0.65911265
0.69107753
0.69468772
0.71259766
0.70036487
0.71099139
0.69901159
0.69676132
0.75245573
0.71012735
0.74725714
0.76838597
0.78433248
0.81460089
0.82346688
0.91067588
0.92207212
0.81380566
0.56905651
0.49997668
0.39305430
0.43687506
0.45470865
0.41675740
0.42329524
0.46450936
0.48950152
0.49113755
0.49634471
0.51482618
0.57040432
0.58859727
0.63081509
0.64830337
0.57994805
0.43459633
0.29547263
0.06557362
0.32734261
0.59392398
0.70167998
0.69714610
0.75469612
0.73151916
0.73907819
0.50368113
0.31396294
0.34304148
0.62299858
0.75653181
0.64968322
0.38123157
0.25267080
0.45509029
0.58488254
0.58574513
0.63477565
0.68572540
0.71888241
0.70819424
0.63169743
0.54269532
0.41594570
0.22958050
0.35531926
0.50217839
0.65840245
0.69953155
0.72070916
0.73334379
0.75247263
0.75432778
0.75316069
0.73702277
0.76261418
0.79363389
0.81445079
0.81365997
0.80276271
0.80438056
0.82137552
0.87644756
0.93670706
0.97922516
0.77668676
0.57040903
0.56338527
0.55268732
0.66850512
0.66823077
0.66958264
0.69083878
0.66647900
0.68731640
0.66435173
0.66170986
0.71063662
0.75409336
0.77423463
0.83748574
0.79615219
0.59118436
0.52774843
0.32533264
0.13309744
0.51900676
0.66926969
0.67253792
0.79095946
0.77773305
0.64074372
0.61773754
0.30569701
0.28780150
0.54381905
0.71718488
0.63806285
0.39920471
0.24599023
0.44579254
0.58673101
0.61374723
0.63048223
0.69205832
0.75131578
0.70775943
0.59771242
0.53900004
0.40844183
0.23383145
0.43706413
0.57403534
0.67312167
0.69209448
0.72151596
0.77286037
0.79786804
0.79076639
0.77235259
0.84869638
0.82958046
0.83370811
0.84452264
0.85790132
0.85356202
0.79578925
0.81560998
0.87235670
0.94371124
0.96740246
0.91632549
0.79446954
0.76412530
0.76777510
0.87673035
0.83965691
0.79849783
0.77777871
0.77003798
0.75969473
0.77807606
0.77107065
0.77770236
0.82323021
0.92503616
0.99277049
0.94395596
0.78136011
0.59801113
0.42172975
0.18947600
0.41002935
0.55914429
0.61058739
0.64327908
0.61998831
0.63103579
0.62088251
0.32650547
0.30586975
0.62772852
0.75193253
0.68907762
0.40353550
0.24760031
0.47579625
0.61228315
0.64956721
0.64190557
0.70121114
0.75127564
0.73383284
0.56847082
0.53016103
0.38046155
0.25634411
0.41755913
0.57107088
0.70644465
0.70793866
0.73483370
0.78014396
0.83212155
0.81064758
0.79092733
0.86265394
0.83390314
0.82961773
0.84644602
0.89137296
0.83477418
0.80731953
0.81397613
0.86455464
0.91445565
0.99859848
0.98744900
0.86585771
0.79247143
0.79923843
0.96848448
0.90253937
0.82126899
0.81175851
0.80012412
0.75755652
0.77863313
0.75494081
0.78994427
0.80095314
0.90996134
0.99655162
0.95357127
0.77690163
0.59528858
0.45460152
0.25468467
0.54581178
0.70474326
0.67121152
0.65397304
0.63553189
0.73783700
0.52849361
0.39069083
0.30572089
0.61064003
0.75627684
0.70342103
0.45473362
0.26505562
0.46310770
0.63175276
0.66325392
0.64267590
0.66921249
0.70659063
0.71153325
0.59313609
0.50683627
0.38323808
0.31619642
0.39487266
0.54465265
0.65002228
0.74619890
0.76039280
0.79728389
0.85374780
0.81214105
0.83449411
0.86194603
0.85775731
0.83614901
0.81680834
0.88239339
0.84836341
0.78942875
0.83990344
0.91547938
0.92424608
0.98177922
0.83028592
0.63341544
0.66660089
0.62977367
0.81925617
0.80456704
0.76806381
0.73799754
0.72096257
0.68025740
0.68877312
0.68672516
0.75424916
0.80973304
0.85687441
0.89234128
0.85941976
0.68403278
0.58756091
0.27257872
0.38495932
0.67050265
0.69856054
0.74736104
0.72813532
0.77786268
0.72997676
0.50858330
0.39526311
0.28574829
0.57939435
0.67635951
0.65465780
0.44898633
0.31093666
0.47410269
0.63965689
0.77383950
0.68073333
0.67083963
0.69609994
0.66429503
0.60734260
0.47952099
0.44675173
0.34790178
0.42836969
0.56547105
0.65254256
0.73802278
0.77862059
0.80505648
0.86328182
0.80123087
0.80384257
0.88382014
0.86229076
0.85586466
0.85539100
0.88415054
0.82283420
0.79252794
0.83642640
0.91057538
0.96665704
0.88554753
0.67763658
0.53704157
0.53463925
0.52765697
0.61497885
0.59804036
0.55427755
0.55357202
0.59195702
0.56663380
0.58227287
0.57625569
0.60374302
0.63362251
0.66101866
0.71923344
0.69494728
0.56098478
0.34593138
0.23341995
0.56586135
0.53982556
0.59526245
0.60355773
0.63933375
0.74170478
0.69856949
0.51509570
0.39457077
0.26052371
0.48604337
0.57531721
0.57810986
0.43364739
0.36309990
0.45019681
0.62491473
0.72046556
0.70170737
0.68323642
0.66215278
0.63374816
0.56944482
0.47014679
0.43792512
0.29306433
0.41058504
0.54528182
0.69299490
0.75321664
0.78508953
0.79570177
0.84596581
0.82216460
0.80981410
0.87400571
0.85663318
0.85148170
0.82722369
0.85610093
0.80542411
0.79495864
0.85319550
0.97004694
0.98902297
0.88511807
0.72487849
0.54239494
0.54646962
0.54499749
0.43621638
0.39701558
0.38372901
0.39672160
0.44569209
0.51521314
0.53675888
0.53073167
0.51939031
0.49408280
0.51658465
0.60933950
0.62978045
0.51853679
0.15760192
0.39524527
0.56940967
0.48342042
0.57946167
0.56777535
0.59807324
0.69407528
0.72988378
0.54305084
0.42820419
0.24923391
0.46451554
0.52806730
0.52898428
0.41168261
0.40566742
0.41535395
0.56089269
0.64549302
0.67548335
0.68272907
0.62361892
0.56337808
0.51887774
0.48020397
0.40321022
0.30407347
0.39501292
0.63254493
0.74101703
0.73516575
0.77217862
0.77614434
0.82986535
0.80726202
0.80415633
0.84726541
0.79752034
0.80348923
0.80600524
0.84529823
0.80269172
0.78062430
0.88290762
0.96878630
0.99581472
0.97769396
0.79249557
0.59335218
0.48612643
0.39450676
0.33515135
0.36323422
0.56049529
0.63704834
0.54675240
0.48819843
0.51623342
0.54100904
0.57741449
0.57048500
0.52391841
0.50301915
0.54183618
0.52765030
0.37630202
0.39857814
0.33501866
0.61569216
0.65284737
0.58094279
0.58869863
0.65048616
0.70832207
0.57034458
0.40993703
0.26489397
0.39294684
0.49325815
0.47457979
0.39983121
0.40184480
0.47498489
0.56001911
0.59142563
0.63374261
0.59660441
0.52456746
0.49410161
0.53819292
0.49446428
0.37117089
0.22658486
0.42206305
0.61461291
0.72367635
0.74966831
0.76399673
0.77068338
0.81051235
0.78704644
0.80284746
0.83086132
0.80635099
0.78464278
0.81370442
0.81941843
0.79150203
0.77777924
0.84647180
0.89802182
0.98363163
0.93264635
0.54079806
0.46020234
0.38120058
0.26118014
0.39435792
0.39559112
0.56562845
0.54000254
0.56825151
0.57219195
0.66973487
0.60188144
0.60380483
0.62618844
0.65536993
0.70977330
0.65211885
0.52072230
0.48294509
0.47280909
0.55647843
0.77724122
0.70284511
0.66155672
0.55978264
0.63539661
0.66131593
0.60939509
0.41660166
0.26003632
0.30579377
0.48397110
0.43566996
0.44114978
0.47319747
0.53110586
0.56568677
0.56695481
0.57076411
0.55213440
0.49981531
0.51563276
0.50827621
0.43184464
0.30566849
0.56717500
0.69189121
0.74992800
0.75398779
0.76614899
0.79765492
0.78575836
0.78829973
0.83457436
0.83565084
0.81523429
0.79983741
0.84059873
0.78567689
0.81088679
0.82709568
0.88276832
0.96710011
0.96647519
0.44038096
0.29281351
0.26949159
0.25586064
0.39367987
0.37236263
0.35821394
0.51068022
0.50964223
0.51475528
0.71254831
0.80144085
0.76887435
0.76437239
0.75249366
0.82705842
0.89362038
0.85793296
0.83051909
0.84286058
0.87619592
0.83717874
0.77301003
0.65543784
0.59133532
0.59681092
0.64751391
0.63286839
0.46871421
0.27634467
0.26388412
0.49195112
0.50130405
0.58087635
0.61064328
0.63146891
0.59991801
0.58073157
0.57605728
0.53123178
0.47950036
0.46048637
0.41450530
0.33619451
0.55367066
0.68576632
0.72249228
0.73639403
0.74888809
0.77719591
0.77816546
0.76855931
0.80351797
0.82834356
0.80780886
0.80118633
0.90414013
0.88268916
0.80222326
0.79144421
0.82961984
0.86017335
0.88073977
0.43147732
0.24577962
0.17429846
0.30059156
0.34966577
0.29039557
0.49817155
0.59968161
0.54501013
0.51125677
0.62165957
0.80570089
0.86531762
0.84037697
0.78966660
0.87903715
0.97079535
0.96404771
0.93424867
0.85865869
0.86985906
0.85716055
0.76813366
0.64245689
0.57156950
0.59638193
0.62436835
0.59865638
0.52161982
0.32413554
0.35982221
0.68300910
0.70976110
0.69137819
0.63304704
0.61997581
0.59632677
0.56162579
0.56502367
0.50645138
0.46958663
0.41832159
0.34961529
0.23681607
0.64587327
0.66814175
0.73258181
0.75040341
0.77752328
0.78651648
0.74310343
0.73395491
0.77628899
0.81048096
0.78261003
0.78656722
0.85178107
0.80366317
0.78115152
0.79845212
0.79408078
0.74252795
0.45613476
0.18773154
0.18393912
0.35654071
0.33770876
0.21960164
0.59187003
0.84023612
0.59974594
0.52457436
0.63746272
0.72996008
0.82405049
0.83271778
0.84416176
0.88081716
0.92231297
0.96761973
0.95166750
0.92199134
0.86846221
0.86381650
0.81852978
0.72080362
0.60817563
0.58153754
0.57709646
0.58886411
0.56002654
0.44631825
0.46812423
0.67079949
0.72063774
0.65898204
0.62906123
0.58310134
0.56920012
0.54501795
0.50615156
0.48006877
0.43481737
0.36473971
0.26748816
0.61976129
0.67568699
0.72161325
0.73010642
0.73110581
0.78933389
0.73025592
0.73432483
0.80468605
0.76542238
0.75469216
0.76855314
0.73395040
0.72352992
0.73282065
0.77459975
0.76692405
0.73155287
0.44062635
0.20069761
0.18916437
0.42159826
0.42496296
0.15587113
0.19109882
0.33614660
0.57626286
0.58504509
0.58028660
0.68015222
0.73183317
0.73610032
0.82626458
0.86624447
0.91466923
0.98081102
0.99378776
0.94226662
0.91267455
0.85017255
0.83264869
0.76297549
0.66786107
0.60070684
0.57827032
0.61664024
0.62009856
0.51652582
0.51863117
0.62210312
0.62452358
0.58795119
0.63307245
0.56791151
0.55998458
0.48893677
0.47858755
0.40999105
0.34033163
0.29174760
0.65097994
0.70927110
0.72360049
0.72850499
0.77761347
0.74168937
0.72222732
0.72615840
0.71657240
0.73862469
0.75178429
0.74578812
0.73458576
0.75080231
0.73643019
0.74817782
0.77402420
0.56116477
0.24785597
0.16742990
0.51734053
0.55214072
0.13866682
0.10699295
0.15879538
0.52612254
0.56373003
0.56932493
0.65490965
0.71777292
0.76600192
0.79395829
0.81879389
0.90067557
0.91038062
0.95768538
0.95574445
0.94401019
0.89226654
0.83591940
0.80126607
0.72234243
0.64652237
0.58021884
0.56996997
0.58995674
0.54472840
0.51321786
0.59196745
0.60565826
0.60084015
0.61697402
0.54459368
0.50081223
0.43927370
0.39237091
0.34234131
0.32660233
0.60012675
0.69481267
0.72795122
0.71655658
0.73125638
0.74237302
0.69648420
0.71025725
0.68989864
0.76121422
0.77788982
0.71791402
0.72403837
0.73308647
0.71961482
0.72947122
0.69754384
0.58882374
0.29549310
0.17681287
0.61753868
0.61081467
0.18976645
0.07425040
0.17047110
0.41057303
0.56997380
0.61802047
0.65827800
0.68931660
0.81440204
0.77882887
0.81114095
0.84374614
0.87567555
0.96249861
0.95593416
0.93341788
0.91095700
0.87872409
0.78343679
0.71175264
0.69443226
0.64490908
0.56314737
0.54497952
0.56541204
0.55180505
0.61273696
0.64702913
0.57424328
0.50653103
0.45636759
0.43487108
0.38305496
0.34972820
0.33850701
0.64280995
0.66913412
0.67747603
0.68637941
0.71312710
0.70166363
0.65795034
0.67089613
0.70094653
0.73555420
0.71792817
0.68658849
0.67596218
0.69988470
0.70460914
0.66184982
0.57294168
0.30226500
0.21446954
0.62729536
0.59835001
0.28518241
0.13463928
0.31335399
0.60990926
0.67347727
0.64481056
0.69487329
0.77368462
0.84965245
0.80429065
0.79885006
0.83273289
0.82397585
0.92580220
0.91787522
0.91818556
0.89904381
0.86394100
0.78758338
0.72238902
0.68106720
0.69347997
0.61188188
0.57842621
0.56343644
0.54909303
0.58314670
0.58168023
0.48968677
0.46735263
0.42163242
0.37973268
0.35170293
0.35502685
0.59456603
0.63224252
0.65261259
0.68471823
0.66289866
0.61685487
0.62987837
0.59760475
0.63351235
0.65240686
0.62094079
0.61442349
0.66883698
0.69788332
0.61166242
0.44042321
0.30960583
0.21052049
0.54609524
0.56396963
0.34125267
0.18705628
0.46979603
0.60012453
0.65349869
0.63488961
0.71531071
0.80530924
0.86995492
0.81897041
0.79538589
0.83432053
0.82584099
0.89455927
0.87034336
0.86284063
0.84064128
0.79884311
0.75328355
0.70759483
0.69717552
0.67101987
0.68032417
0.64844519
0.60270966
0.58502106
0.53122050
0.49450889
0.43732644
0.38474670
0.34653048
0.35054438
0.35482874
0.57666935
0.61218149
0.62032074
0.63710964
0.57211022
0.58839757
0.59013435
0.59350354
0.63304623
0.63184963
0.65177567
0.64778888
0.66756456
0.57403567
0.44748226
0.29870072
0.19448324
0.42928564
0.55003158
0.36410768
0.15805923
0.19296185
0.41886608
0.49904135
0.61395278
0.75897115
0.85339544
0.90037413
0.88937768
0.87910194
0.83830805
0.84571596
0.81094053
0.83092807
0.77983485
0.79150134
0.75384663
0.70362665
0.67636137
0.65016510
0.64623064
0.63986495
0.61246051
0.58118714
0.52265646
0.43402647
0.37539805
0.35943423
0.35704195
0.37174180
0.32449085
0.53767301
0.56784854
0.58954470
0.61126258
0.59473144
0.57599055
0.60299880
0.58387441
0.60810483
0.62927120
0.61675613
0.63552385
0.63998532
0.58104953
0.38687339
0.25098280
0.19770947
0.35137487
0.50723398
0.38898639
0.21680110
0.15504779
0.23868662
0.47664576
0.63774397
0.75918311
0.85725718
0.91772126
0.92498911
0.89365933
0.83738034
0.79788128
0.82539469
0.80675417
0.78059646
0.74462888
0.68591108
0.61003044
0.57205946
0.54943549
0.51829053
0.46066152
0.43251758
0.42428051
0.40642779
0.41330362
0.38666684
0.36261136
0.34331953
0.54404888
0.54709618
0.56110832
0.56402817
0.54638112
0.55721248
0.56419255
0.57735279
0.56316012
0.56866552
0.56370953
0.54015940
0.48398812
0.27808526
0.17028199
0.29718056
0.40708669
0.42249271
0.35054503
0.33535618
0.35068171
0.55208897
0.65001595
0.75091813
0.84582620
0.86094478
0.90333304
0.89628037
0.84498819
0.77431784
0.73799369
0.69931492
0.63054029
0.57346208
0.52536312
0.48684940
0.45132698
0.44372941
0.44028074
0.47133372
0.42798501
0.40105268
0.36041240
0.36661324
0.32348635
0.46063617
0.47504709
0.46957721
0.46988207
0.45453409
0.45751220
0.46638133
0.48422432
0.48509682
0.48161773
0.46615306
0.43240557
0.28950413
0.17000386
0.19488753
0.28986579
0.34522709
0.41744900
0.44374000
0.44937031
0.57398885
0.72585151
0.76111028
0.82745049
0.81842449
0.83997035
0.82509905
0.79511717
0.71810360
0.64947543
0.55250195
0.48385178
0.47230408
0.44202253
0.43662066
0.40602586
0.36654936
0.34338671
0.32723355
0.31529496
0.38091909
0.38927618
0.37680172
0.35377930
0.34461396
0.35711469
0.35136316
0.37589146
0.38689976
0.37266684
0.33640909
0.19524160
0.18526626
0.19073948
0.25441516
0.35587758
0.43333209
0.48971846
0.60082062
0.68584563
0.74399517
0.71233157
0.74259468
0.75369961
0.74008088
0.69276594
0.64026522
0.55108077
0.49764220
0.31639853
0.31076096
0.30485873
0.32006930
0.33918246
0.33632705
0.33868651
0.30523560
0.24414523
0.21150294
0.19689530
0.20398270
0.26357624
0.39823771
0.50341558
0.58089023
0.59176927
0.58995488
0.60305527
0.58680348
0.57965355
0.59952384
0.55064103
0.49362478
0.29625008
0.31171125
0.33639893
0.39788967
0.45992592
0.49210076
0.48252900
0.46106517
0.43988719
0.43465354
