0.24110847
0.28220412
0.29182490
0.27830665
0.25381420
0.23057182
0.21558273
0.17818689
0.14782926
0.11620304
0.32316138
0.35084638
0.36734973
0.38162056
0.35301709
0.33827242
0.29517206
0.25203324
0.24538317
0.23846416
0.26681613
0.27631377
0.28240256
0.31689678
0.35925842
0.37293290
0.37121906
0.31605739
0.26375831
0.18612094
0.12200717
0.23206235
0.32019186
0.39361983
0.41287775
0.47830179
0.49554577
0.48281688
0.48050612
0.44436648
0.44447113
0.44043325
0.36585291
0.34340107
0.33390378
0.31729610
0.31990096
0.32195306
0.29062780
0.28331887
0.33557279
0.43454436
0.51050132
0.47814885
0.40925994
0.34780176
0.25848604
0.06712213
0.04933691
0.04817674
0.11045071
0.23121488
0.31821453
0.45145912
0.44374898
0.52627280
0.56635057
0.59709227
0.56988647
0.55835763
0.56558012
0.58815599
0.57056709
0.53239902
0.48279661
0.47791143
0.47408128
0.49118118
0.52630411
0.52692923
0.49029733
0.42374078
0.32038186
0.25831602
0.35129526
0.46289957
0.43751219
0.40026313
0.36001995
0.27944781
0.12080154
0.12930612
0.13561228
0.10541353
0.09292657
0.09958891
0.17177220
0.27341633
0.35911276
0.33255612
0.44596477
0.55452907
0.58864922
0.62013200
0.64180929
0.65237996
0.68728522
0.69939288
0.70257694
0.68648394
0.63940863
0.60213301
0.57246600
0.55004992
0.59504091
0.65962750
0.68513416
0.73211107
0.69652555
0.59832879
0.49126937
0.38163587
0.28678427
0.30345970
0.38397813
0.42071130
0.37435678
0.31707862
0.15615645
0.15054825
0.14596649
0.16609634
0.18953273
0.22368519
0.19735930
0.13671502
0.14214963
0.19266302
0.26627048
0.34511180
0.34262686
0.30901759
0.44534430
0.58203256
0.69829025
0.68322968
0.70185499
0.71482338
0.77986078
0.79646208
0.77911453
0.76047941
0.73843449
0.67455152
0.60224473
0.53154945
0.52972668
0.52738935
0.46751678
0.46962091
0.47033264
0.52641949
0.49482010
0.46821344
0.47659612
0.41824356
0.33475417
0.34649966
0.35010040
0.38371571
0.35038845
0.28916804
0.27858831
0.25670540
0.24230577
0.27443624
0.31973432
0.31208860
0.28339801
0.19499698
0.17972220
0.24370599
0.31011270
0.33175368
0.29640300
0.22691186
0.16712161
0.44218517
0.66634399
0.77933777
0.71988938
0.75255676
0.79551193
0.89530626
0.88389632
0.90029828
0.82210729
0.76055378
0.72593116
0.60487775
0.49366736
0.58703629
0.53947467
0.51373453
0.51342921
0.53279677
0.62006476
0.56521937
0.52099136
0.46652336
0.45105122
0.39109180
0.34319123
0.33694920
0.33022440
0.33603574
0.32721601
0.28979433
0.32567677
0.34562334
0.37007488
0.37223172
0.39031439
0.41202505
0.41482177
0.41183201
0.39750306
0.30604061
0.17140842
0.18722532
0.34410844
0.48142905
0.38751092
0.26119276
0.11617261
0.21889465
0.46455145
0.67979803
0.79521604
0.73504704
0.77612830
0.85842741
0.93700820
0.91475020
0.95430349
0.91847605
0.82195560
0.71515642
0.53477203
0.65043541
0.67120208
0.62689364
0.58622146
0.55958898
0.51799630
0.60834494
0.62519665
0.58610618
0.53557743
0.50724009
0.46442833
0.40735296
0.34618012
0.30859255
0.27177517
0.24249213
0.23650313
0.24912592
0.38594086
0.39079671
0.41922394
0.45135119
0.44590362
0.47260751
0.46386887
0.47383726
0.45783114
0.41014106
0.30698045
0.22647240
0.21751235
0.44102414
0.56865659
0.38032281
0.31953017
0.09787241
0.43556991
0.52612353
0.59938894
0.75154095
0.74112754
0.81850798
0.90184511
0.96611311
0.99589916
0.99810382
0.96300725
0.83765301
0.65391637
0.58637605
0.66931849
0.61456644
0.59889102
0.64658528
0.60356382
0.54448367
0.58239527
0.61327246
0.59804482
0.54604937
0.50062516
0.48470506
0.47377592
0.41669368
0.37339481
0.35667876
0.28605783
0.22616267
0.19780962
0.18411621
0.41937598
0.44707768
0.46025372
0.46590573
0.44920363
0.46618233
0.51095175
0.47858198
0.49365719
0.52302244
0.45440768
0.34988275
0.28686026
0.21301241
0.54572127
0.62906775
0.41498960
0.29015427
0.16431145
0.51981165
0.57736665
0.55634265
0.73763506
0.79967954
0.85707714
0.93939728
0.97362004
0.99657712
0.99998891
0.98368783
0.79796451
0.61187976
0.64323405
0.59282973
0.55074265
0.58094320
0.56986536
0.57448972
0.56865670
0.69233612
0.69286285
0.61135597
0.57605862
0.56036765
0.53967702
0.49417348
0.49000691
0.41468080
0.39589750
0.39678345
0.33277629
0.28135558
0.23546010
0.18016283
0.43388252
0.46290802
0.47968561
0.50510440
0.51046135
0.49227015
0.50679605
0.52335600
0.49495707
0.49919300
0.53718591
0.54339125
0.46505971
0.33374090
0.23623613
0.69877529
0.67421390
0.47287149
0.22213332
0.13359087
0.51968203
0.61354483
0.56140147
0.76295596
0.87032729
0.87763586
0.95618255
0.97631046
0.99977373
0.99911827
0.94205397
0.72952803
0.74695720
0.67629848
0.56493443
0.51902621
0.52389599
0.50070271
0.37089567
0.29856728
0.60370839
0.62387863
0.62578258
0.64846723
0.63807890
0.58229239
0.54819382
0.52092419
0.49958629
0.49705946
0.43950785
0.42828742
0.38792578
0.34101875
0.26933265
0.20264363
0.45667194
0.49938641
0.50547216
0.51074994
0.54346186
0.55024733
0.57790531
0.51363666
0.53592352
0.52688537
0.55176804
0.57874565
0.55241568
0.46295719
0.29483882
0.21427471
0.71244399
0.78096176
0.62417197
0.24202608
0.11187595
0.64850082
0.67864367
0.58319428
0.77775821
0.84644060
0.91459738
0.94977290
0.98478435
0.99890120
0.99230625
0.88502326
0.75672163
0.81717788
0.71160148
0.56468512
0.48231272
0.44707947
0.44243683
0.27530486
0.14355925
0.28317879
0.47198832
0.44241983
0.50236695
0.58817280
0.56025240
0.57796629
0.54501799
0.55504876
0.53922909
0.52354370
0.51476755
0.46155358
0.45444625
0.41959722
0.37794659
0.52239796
0.53731777
0.55905421
0.58349503
0.57606193
0.57743286
0.61929541
0.57971593
0.59043421
0.58835753
0.60432901
0.63127338
0.59215411
0.45255427
0.25768965
0.19323926
0.58164006
0.80463728
0.62564570
0.25820653
0.19472432
0.66667088
0.60044930
0.60749538
0.79277087
0.83365715
0.88769793
0.91774528
0.94725380
0.97098773
0.97775311
0.87757035
0.84791902
0.76625194
0.63670358
0.52539154
0.49265114
0.45167906
0.41232459
0.28321362
0.13907597
0.08597985
0.35114028
0.34912271
0.30447002
0.36629560
0.49051619
0.54640862
0.56004324
0.57628823
0.59427127
0.59830373
0.53768650
0.52951482
0.48562325
0.51706671
0.49316206
0.43175550
0.54799429
0.56183781
0.59240155
0.61861861
0.62805343
0.61212470
0.61981171
0.63028345
0.57059751
0.59415272
0.64605134
0.66584093
0.68997283
0.66424847
0.46807366
0.20885616
0.23889141
0.44737700
0.75204089
0.50739335
0.23714098
0.28385946
0.63526245
0.53099386
0.62750854
0.79807776
0.85227960
0.93632341
0.92626409
0.95526223
0.95811192
0.93695766
0.85939072
0.84802286
0.78314891
0.63447978
0.49270167
0.45453771
0.50682893
0.44601611
0.31696471
0.15327052
0.09560971
0.34191023
0.39789828
0.36840015
0.31916205
0.36596648
0.53707542
0.55730055
0.63043303
0.63967023
0.63747316
0.59412045
0.56896158
0.52713036
0.53701018
0.50838073
0.46854945
0.38961879
0.57895669
0.61698690
0.63931351
0.62301892
0.66236911
0.64925312
0.64507357
0.65052532
0.61274442
0.63904929
0.66913962
0.70252687
0.71894641
0.66650823
0.35348407
0.26464538
0.18292615
0.35502915
0.68735120
0.45098011
0.32153980
0.45259392
0.57391219
0.48666147
0.59510593
0.83669555
0.85649944
0.83992289
0.82811164
0.82468902
0.86451997
0.79632629
0.61544048
0.61870724
0.70886732
0.61312893
0.50270195
0.52884898
0.56094346
0.51197947
0.37871267
0.21986779
0.40224366
0.39319489
0.42548396
0.44756058
0.41605980
0.36639891
0.49067106
0.63862188
0.67844202
0.74382908
0.67931976
0.65451107
0.61553838
0.61369324
0.63049272
0.65890867
0.54962868
0.43925238
0.33055036
0.60584473
0.64554539
0.66344436
0.67485230
0.65325080
0.67125936
0.68175858
0.65766581
0.66702518
0.65416437
0.65321696
0.71477834
0.74433421
0.70449457
0.69039973
0.37667793
0.31025318
0.22651305
0.28685698
0.60485140
0.47560482
0.37546882
0.39917185
0.51897334
0.51107166
0.63692260
0.83300350
0.75887009
0.66378520
0.64167153
0.69606731
0.59187574
0.41341730
0.36298583
0.23873124
0.41461780
0.54662147
0.53647231
0.58204391
0.62800699
0.54918911
0.46494848
0.28235985
0.57210928
0.51880577
0.47507411
0.52817400
0.51319232
0.44100764
0.41915198
0.66474267
0.73869944
0.77909965
0.69944041
0.68073105
0.72525836
0.69924480
0.68385539
0.66102916
0.62556907
0.48593145
0.37172360
0.67141318
0.68600025
0.70019758
0.70115233
0.68347863
0.73187801
0.69761207
0.68568927
0.69534205
0.66588923
0.69385736
0.74944484
0.81293042
0.76353256
0.73379515
0.51436345
0.33148632
0.35129137
0.31582844
0.41557177
0.55235736
0.46237301
0.29799030
0.59155372
0.59800897
0.72203176
0.63076785
0.49398786
0.47911756
0.51824600
0.48389975
0.43530299
0.41276939
0.35990268
0.41322116
0.32912917
0.57078502
0.55657966
0.61132430
0.72060639
0.62025206
0.52150241
0.34272088
0.48941401
0.65765050
0.50382514
0.66505579
0.65972914
0.52249621
0.43924610
0.57227052
0.71943719
0.78228550
0.69567731
0.70370553
0.73685375
0.73294944
0.77078662
0.74667941
0.69032091
0.57910404
0.42975445
0.57291771
0.68930093
0.71572791
0.72358329
0.72702703
0.71114048
0.74861830
0.74920382
0.73092014
0.70219720
0.72207061
0.73587701
0.74297149
0.82061012
0.85803147
0.78026644
0.55701410
0.37766394
0.41807345
0.43909553
0.28603306
0.42759394
0.44561027
0.58381833
0.68404056
0.53932190
0.46069777
0.42443611
0.43193627
0.42450610
0.37924748
0.43966816
0.51750827
0.46701163
0.17331610
0.40189907
0.43502511
0.56822955
0.65621897
0.68879163
0.78391317
0.74005114
0.57668944
0.42501989
0.50100927
0.85964053
0.57675530
0.72314622
0.79740730
0.58803601
0.45751224
0.50135036
0.71756618
0.74009753
0.68461450
0.71616155
0.73756312
0.81140245
0.83089785
0.78880069
0.74446044
0.62529280
0.45552231
0.26539576
0.63879399
0.71234834
0.72365705
0.73929348
0.75006028
0.72814019
0.75699258
0.77776121
0.75779578
0.77064769
0.77896402
0.75841803
0.81144682
0.87382679
0.93275433
0.88762747
0.81785573
0.60637728
0.56418205
0.55038671
0.37631974
0.31171698
0.33526675
0.35727973
0.37101667
0.36463767
0.40408006
0.40582857
0.40810842
0.45161906
0.49520566
0.54971599
0.56496263
0.46047301
0.18668590
0.14867057
0.58204778
0.64674981
0.70934712
0.77773515
0.86914975
0.86601608
0.69151087
0.48071825
0.33668924
0.69501206
0.64364576
0.74376416
0.85949745
0.66180974
0.48243143
0.47428259
0.64511187
0.73314650
0.69055966
0.68803071
0.76430212
0.86559807
0.92585053
0.89943807
0.81794330
0.62703966
0.47024235
0.29644952
0.69560507
0.73822087
0.73859140
0.75516779
0.75863298
0.75600434
0.74956293
0.80990118
0.76640733
0.76871820
0.81500671
0.82094911
0.86205074
0.89793548
0.92414138
0.92524530
0.77221511
0.68366908
0.62984488
0.55121024
0.54748467
0.44463281
0.37835763
0.38904451
0.41741651
0.45438318
0.47741870
0.49932684
0.58024538
0.64063166
0.71175324
0.77042095
0.72611228
0.55429549
0.41056459
0.07332279
0.27177762
0.62086568
0.79243238
0.85651073
0.93816112
0.88725734
0.79256989
0.51866591
0.39835315
0.79463792
0.69212483
0.69180432
0.85777618
0.72386515
0.53128772
0.46487072
0.56880986
0.68325289
0.75705966
0.73584892
0.77284632
0.82358058
0.95335650
0.91931489
0.80618729
0.65967342
0.52762355
0.30929562
0.54255861
0.72311233
0.75514968
0.77245578
0.77553484
0.77256901
0.78630406
0.78061317
0.81287767
0.82130961
0.82487411
0.81797110
0.84136253
0.86511101
0.85978492
0.90908708
0.95610753
0.97122838
0.71660651
0.59017645
0.57935051
0.67396133
0.71955747
0.64165470
0.66395222
0.67293820
0.70071592
0.66418254
0.66528136
0.76530923
0.83551188
0.89172047
0.96397707
0.95834324
0.76472235
0.66842695
0.46316763
0.18082566
0.46168058
0.80946244
0.83488509
0.88207018
0.82026525
0.83510444
0.53917771
0.32458002
0.65273956
0.66273383
0.63165995
0.87061367
0.71853314
0.58248921
0.47272570
0.57660137
0.64426300
0.77484391
0.74366070
0.80739787
0.88955539
0.95041182
0.90532474
0.80551781
0.65955309
0.50873902
0.33737101
0.59771952
0.73950932
0.74636645
0.79780689
0.82649286
0.83680785
0.81841897
0.88911228
0.87236443
0.88123238
0.88635318
0.92136992
0.90358521
0.86075062
0.88421539
0.91052908
0.99046513
0.99970141
0.97018694
0.94672813
0.86668635
0.88649168
0.92200915
0.85977618
0.82144299
0.82681188
0.84007301
0.82768756
0.83566889
0.86880977
0.92652745
0.99579852
0.99997240
0.99988388
0.96455982
0.76331994
0.57725556
0.29907436
0.30451439
0.69670415
0.72596966
0.70953703
0.70568509
0.84937956
0.64986616
0.33479870
0.74667441
0.87177994
0.69178498
0.89205365
0.74913409
0.57302862
0.45833192
0.62192147
0.71628700
0.77536684
0.76787409
0.81713629
0.87916009
0.94526306
0.86716554
0.78647846
0.62286672
0.51357720
0.34597259
0.61542140
0.75192546
0.75108115
0.78801112
0.85246819
0.87761008
0.85469065
0.90270759
0.91870318
0.89431706
0.90622888
0.94989012
0.90194385
0.85845167
0.85599266
0.90618355
0.98737659
1.00000000
0.99961544
0.98763167
0.98174683
0.99494077
0.99541665
0.95701434
0.88750486
0.88858620
0.83602558
0.85108343
0.84557361
0.90025431
0.91721364
0.99756051
1.00000000
0.99998715
0.95573113
0.77850090
0.62514289
0.36261517
0.41594760
0.77100383
0.78480931
0.75648857
0.73572301
0.87960871
0.64677193
0.44279803
0.75610719
0.93415209
0.68859111
0.90983779
0.79222368
0.58821554
0.50544322
0.64937440
0.70270165
0.75558269
0.78905279
0.76827030
0.83744699
0.88991858
0.85467975
0.77303728
0.62241530
0.51066718
0.43970644
0.63034810
0.75390029
0.80118316
0.83059056
0.86012788
0.86468518
0.88078597
0.93517837
0.91864096
0.90671726
0.90168429
0.94256582
0.89871068
0.83147612
0.87812823
0.94832402
0.98897273
0.99973679
0.95587487
0.93621543
0.89175857
0.92385912
0.99102565
0.94203021
0.89447351
0.86076505
0.80163009
0.81312987
0.79454656
0.85563687
0.93936793
0.98132914
0.99342178
0.99469890
0.88192997
0.76483716
0.36568749
0.37215088
0.72921553
0.86648415
0.92610478
0.85228585
0.84142233
0.83506161
0.69418689
0.44930583
0.48630535
0.74566518
0.65929929
0.88621421
0.78504326
0.55742271
0.51009668
0.71908151
0.75293833
0.85710256
0.79098806
0.75944197
0.79577030
0.82602761
0.84511166
0.69763578
0.67152452
0.59374285
0.43064422
0.58466917
0.71671463
0.81866197
0.85720456
0.88579881
0.88535121
0.87190633
0.91811159
0.92894595
0.90305614
0.88493617
0.94818888
0.86446133
0.83299315
0.88351557
0.98381100
0.99841409
0.94893347
0.83039160
0.66706678
0.66474730
0.75433846
0.86532140
0.82759563
0.73947427
0.73845436
0.73472364
0.69268584
0.69742389
0.71580310
0.77864675
0.80642415
0.86747591
0.89814067
0.75006124
0.54197206
0.14512417
0.64466164
0.72988769
0.74931712
0.82144886
0.76871706
0.87520347
0.85946434
0.70571084
0.48118570
0.57646952
0.77619315
0.61273692
0.75948380
0.67724105
0.52728725
0.52270875
0.74128525
0.83143715
0.92723249
0.85472056
0.79907371
0.80298194
0.80485079
0.82698237
0.69706398
0.69200171
0.57041839
0.43642392
0.61505075
0.73112555
0.83669881
0.84738985
0.88701720
0.89589979
0.88250850
0.91609701
0.92259675
0.91993512
0.91572956
0.91302757
0.85371240
0.84271237
0.90662531
0.99290342
0.99879147
0.97046080
0.78838421
0.68275919
0.75062422
0.73562418
0.69881290
0.59175527
0.53515932
0.53447237
0.58969231
0.65471149
0.64089663
0.62252149
0.61586991
0.63569535
0.73365838
0.80261147
0.70811914
0.36938331
0.11904998
0.78973466
0.59149735
0.68310365
0.71858387
0.72658103
0.81673674
0.82601433
0.68458321
0.48389256
0.31971129
0.45551907
0.56459367
0.65340584
0.60304272
0.49632883
0.51379497
0.74737941
0.84356961
0.82503682
0.77570078
0.81252287
0.76955856
0.75166290
0.70831322
0.65883569
0.61159666
0.52466587
0.36818445
0.65710235
0.78021453
0.84144722
0.85612367
0.87874647
0.87595817
0.86367318
0.90517428
0.90814343
0.88705455
0.87420458
0.91135071
0.85854011
0.84435352
0.94379813
0.99661644
0.99951696
0.97860434
0.91175058
0.75670270
0.66435623
0.67980551
0.49246643
0.48971279
0.46903628
0.53904631
0.53965936
0.57503402
0.61767371
0.65692142
0.65703462
0.60468986
0.58089482
0.67586793
0.71999634
0.52458725
0.27029521
0.69691788
0.50102574
0.77541239
0.70259033
0.68662090
0.76314964
0.83039062
0.67919696
0.51973689
0.23907925
0.40191050
0.55460675
0.58552705
0.53673966
0.45546399
0.50177412
0.68960402
0.72572122
0.77789344
0.78235140
0.76997552
0.68345753
0.67237248
0.69880128
0.70477691
0.56779726
0.51108263
0.79422353
0.81414847
0.84035970
0.85884485
0.86902788
0.86974422
0.91932219
0.90663908
0.85661525
0.87516354
0.87607357
0.85629228
0.84625693
0.94252973
0.96161820
0.99765123
0.98373033
0.77356380
0.67344162
0.60458452
0.47881362
0.50320552
0.47374195
0.68054162
0.74233875
0.72096441
0.74283200
0.71172330
0.65238251
0.68507992
0.70355226
0.71895309
0.62999925
0.63627424
0.66167193
0.61905748
0.44798527
0.57943548
0.77966976
0.69449583
0.65417061
0.69473052
0.76501615
0.65683982
0.48907476
0.21612290
0.28599091
0.51076039
0.50505566
0.45330059
0.44313769
0.61179242
0.74349204
0.72547846
0.74373876
0.76019437
0.69702230
0.63411085
0.62564867
0.68402933
0.61882220
0.51962040
0.38066005
0.76925827
0.80716239
0.83768432
0.85404768
0.87280324
0.86409947
0.88382176
0.93185144
0.85861832
0.87065806
0.89262269
0.84372196
0.87093900
0.92339135
0.95015153
0.98759992
0.93988292
0.56424590
0.44758318
0.49107736
0.37551477
0.62504073
0.45337986
0.50430549
0.51558873
0.57063433
0.70503680
0.95743020
0.85894830
0.80918047
0.79327748
0.83126469
0.92252198
0.88251939
0.72209979
0.63935459
0.68928627
0.86136870
0.84693229
0.74395799
0.66222896
0.67234166
0.70372799
0.66736686
0.49287957
0.27356768
0.24828228
0.50737383
0.47237654
0.44867513
0.60625033
0.72124887
0.75246855
0.72121252
0.72424287
0.73752508
0.65922801
0.63267018
0.63427690
0.60941059
0.53108778
0.41937712
0.75762753
0.80662042
0.82924287
0.84679653
0.87344431
0.84594887
0.88441614
0.93661147
0.93808245
0.89522781
0.94000062
0.93773965
0.87549047
0.90635479
0.92533751
0.96671764
0.91383567
0.49074952
0.35112597
0.32776660
0.41206407
0.67595939
0.41663136
0.31024494
0.47960247
0.56184120
0.57687950
0.87734808
0.99863730
0.98819926
0.94320734
0.92844963
0.99100467
0.99815436
0.99713790
0.98729680
0.98845752
0.95432187
0.88400824
0.79511346
0.65249800
0.62334498
0.67127376
0.64003960
0.48165268
0.29430622
0.23876772
0.54671047
0.54504092
0.73106263
0.86169212
0.84634396
0.81150818
0.76586603
0.73475054
0.72723063
0.62344663
0.59149129
0.55685151
0.51264577
0.42296207
0.32636500
0.75850101
0.80721606
0.82041270
0.86630257
0.85418180
0.84744762
0.88807976
0.91371530
0.88509933
0.91596716
0.97079340
0.90529664
0.86985383
0.90098739
0.92149178
0.82945222
0.48952504
0.25242091
0.27435935
0.46086785
0.63809506
0.41678307
0.30652943
0.53694980
0.59094242
0.57797957
0.75803526
0.98600264
0.99995987
0.99843368
0.99795191
0.99998967
0.99999817
0.99998683
0.99884180
0.99591083
0.97868156
0.92963215
0.79742383
0.67549938
0.60568850
0.68042410
0.66762151
0.51720424
0.30330851
0.36625840
0.71739689
0.84569171
0.90982633
0.85359250
0.82166601
0.77998514
0.74508345
0.72263120
0.73415979
0.64544113
0.57722571
0.52593269
0.42188882
0.35492785
0.74590844
0.79675424
0.81470063
0.86832338
0.86788305
0.80905582
0.85754721
0.88955011
0.87339922
0.86528239
0.88698860
0.85954072
0.85602551
0.89140494
0.85958464
0.79515037
0.42151673
0.24069107
0.30730749
0.54990488
0.71626108
0.45154868
0.21892197
0.46423145
0.61727837
0.61721173
0.71177376
0.89614517
0.96261900
0.99822803
0.99996737
1.00000000
1.00000000
0.99989466
0.99996141
0.99515617
0.98956641
0.96213269
0.83952552
0.74446969
0.67092792
0.66798723
0.61039849
0.59474818
0.39106992
0.55625112
0.90368478
0.95141981
0.87292526
0.80522054
0.74710754
0.75771388
0.71205654
0.68722669
0.63144578
0.56646217
0.50874793
0.45505003
0.39260138
0.71400369
0.78075464
0.79857391
0.82907830
0.87166734
0.81065248
0.84480403
0.88216274
0.84701731
0.86180178
0.84927693
0.80383462
0.82843500
0.84021031
0.83206806
0.82586056
0.54868464
0.25561301
0.26722366
0.65228223
0.87353984
0.55201860
0.12404865
0.32026976
0.75397750
0.71179661
0.67762358
0.92352895
0.94774531
0.99687070
0.99960891
1.00000000
1.00000000
1.00000000
1.00000000
0.98921364
0.92164290
0.98270586
0.91732832
0.77566955
0.69413304
0.66492192
0.68242562
0.68568814
0.60299546
0.78332175
0.88538394
0.84481818
0.80329362
0.81862888
0.73892663
0.73913731
0.68501360
0.63550178
0.59077167
0.50098109
0.49114468
0.45343841
0.44210391
0.75199024
0.81231740
0.82074234
0.86209551
0.83399013
0.78543839
0.85131984
0.80036714
0.86296914
0.81314572
0.80481256
0.82877885
0.81245973
0.84587418
0.82746148
0.68765592
0.32516788
0.24118073
0.74077176
0.97341914
0.72549299
0.20465038
0.17141333
0.75985619
0.85644020
0.67075440
0.88389667
0.97545720
0.98733558
0.99833013
0.99999892
1.00000000
1.00000000
1.00000000
0.99974456
0.95649067
0.87357786
0.92678300
0.91387950
0.78789029
0.72340233
0.76535687
0.72735465
0.72446141
0.78891100
0.78043341
0.78885190
0.80904258
0.82465643
0.72330068
0.65553845
0.60655557
0.57424171
0.54024660
0.51645124
0.51619891
0.53091958
0.77960877
0.79055854
0.79345793
0.82480899
0.80914743
0.79046614
0.77878436
0.87431284
0.83951049
0.82020990
0.81099597
0.80602326
0.80445853
0.77866271
0.71656032
0.39010482
0.26649894
0.82949037
0.95538922
0.70334719
0.22185106
0.16329479
0.65779132
0.87523542
0.72172666
0.95361983
0.98014328
0.93363698
0.99678550
0.99925682
0.99999869
1.00000000
1.00000000
0.99999989
0.99309845
0.90430523
0.83904973
0.90909526
0.84947162
0.76147703
0.72298777
0.74407251
0.73135093
0.73215652
0.83802098
0.88202572
0.82147638
0.69840076
0.61982121
0.60549057
0.61012325
0.59582778
0.58298537
0.57077137
0.55211517
0.70240547
0.73638006
0.75839616
0.79098328
0.75943138
0.74308669
0.74966284
0.76850635
0.80510195
0.77248105
0.72657721
0.78636274
0.82211575
0.73125974
0.56000441
0.39434228
0.28340008
0.73658737
0.87487072
0.65531384
0.36006581
0.19448876
0.71904405
0.85989356
0.75885700
0.95349944
0.99019349
0.93810275
0.99496954
0.99959217
0.99969923
1.00000000
1.00000000
1.00000000
0.99998746
0.97796639
0.83012681
0.79731568
0.89512796
0.83961246
0.76532879
0.79752988
0.76756662
0.77826981
0.92759239
0.88456053
0.69780828
0.64987043
0.62062383
0.59748189
0.61694510
0.62478119
0.59616617
0.52094570
0.66936936
0.72295488
0.74646822
0.71385050
0.68536425
0.69434347
0.66789793
0.70385384
0.72948227
0.68888766
0.74280775
0.76779462
0.70111207
0.52377268
0.37418073
0.27488433
0.62105154
0.78457821
0.69618981
0.47111354
0.14728638
0.51447195
0.75145697
0.78247970
0.97790174
0.98511871
0.94751518
0.98017948
0.99867704
0.99948085
1.00000000
1.00000000
1.00000000
0.99999622
0.99332706
0.90491321
0.77437951
0.84818427
0.89317157
0.81471852
0.82496355
0.80615458
0.82988077
0.81178597
0.72804165
0.63665241
0.60223715
0.57957504
0.56716793
0.59791765
0.58441228
0.50244715
0.64898631
0.67022206
0.70339602
0.66661533
0.67460490
0.69002663
0.68663355
0.71864599
0.73402710
0.74106909
0.76728892
0.71727079
0.50184386
0.36935572
0.25220255
0.42801029
0.70116652
0.69772895
0.45082318
0.24578034
0.29908122
0.64069318
0.82893213
0.98157308
0.99677936
0.99897974
0.99731418
0.99682364
0.99995625
0.99999052
0.99917396
0.99730528
0.99806888
0.97297755
0.91808952
0.83302886
0.79839428
0.84646012
0.85418268
0.83556475
0.78859228
0.77582088
0.70019645
0.62671773
0.56680483
0.54492911
0.58324601
0.62829460
0.54306472
0.46803081
0.63867341
0.65823507
0.66176198
0.64620938
0.66866702
0.68489517
0.71551736
0.71256116
0.71673457
0.73323456
0.68110384
0.57054536
0.33721788
0.23924187
0.35519901
0.56501326
0.63414149
0.56989523
0.33007320
0.27500989
0.48514058
0.80313401
0.97781045
0.99834443
0.99998166
0.99491277
0.98458641
0.99802435
0.99998401
0.99901721
0.99353289
0.98841822
0.94328702
0.88876671
0.86517954
0.82867349
0.86012284
0.90323236
0.87536466
0.82509035
0.71118412
0.56929661
0.56142218
0.60484871
0.63394790
0.58497033
0.50705924
0.40063473
0.59133254
0.59901288
0.60549710
0.60005181
0.60962045
0.61248790
0.64331573
0.63054762
0.63696227
0.62595237
0.56698536
0.43546298
0.25260642
0.29219821
0.36515875
0.52620604
0.57122408
0.50562295
0.49529817
0.56148970
0.79800101
0.93868348
0.96501399
0.99309244
0.99704264
0.97833473
0.92339335
0.98367719
0.97375901
0.94741951
0.91704509
0.83765989
0.75564723
0.71367615
0.67428926
0.63763157
0.60069708
0.59864059
0.67775623
0.73444373
0.73493536
0.73586771
0.63545403
0.55047925
0.45680862
0.36455954
0.49858992
0.51557610
0.49291696
0.49429244
0.48946464
0.51810502
0.51603299
0.52515956
0.51762667
0.44876244
0.29752661
0.17570769
0.28791665
0.33329404
0.50540009
0.61433457
0.62064114
0.60767770
0.77833715
0.86125798
0.93306148
0.95549162
0.95508338
0.96137565
0.91854200
0.87370479
0.84487572
0.79263826
0.74099519
0.67762550
0.61761428
0.57363596
0.63440317
0.71073338
0.78297412
0.79303952
0.74169052
0.68178698
0.57676230
0.50936468
0.42547134
0.34340402
0.41763012
0.40513708
0.39305651
0.39618880
0.37876725
0.41496298
0.39619075
0.38550180
0.34201583
0.21258316
0.24535207
0.23241626
0.32473345
0.45582040
0.54832670
0.64188871
0.73341994
0.77408661
0.80325770
0.86512304
0.88844314
0.88614440
0.83775460
0.78610269
0.71354483
0.65079200
0.62757691
0.58446457
0.57068255
0.58038934
0.54950596
0.55818490
0.52601655
0.50271139
0.44970643
0.41127473
0.36062793
0.31859212
0.36862219
0.39717268
0.39533078
0.37853561
0.34348173
0.28618257
0.27586167
0.27261993
0.32081997
0.45559932
0.61054504
0.69555807
0.65570674
0.69218982
0.72885482
0.73661230
0.74285402
0.73310090
0.68623248
0.64816670
0.56043733
0.49973583
0.46476376
0.42813259
0.42031624
0.37736150
0.34916881
0.32562214
0.32440887
0.31908572
0.45495277
0.51274818
0.54017049
0.50480644
0.55387524
0.53036965
0.50072766
