0.13073832
0.14843338
0.15842224
0.15814511
0.15643873
0.15561859
0.14900881
0.14609355
0.10738303
0.15017131
0.18463306
0.19549495
0.19187162
0.20724527
0.22148003
0.22412162
0.19812060
0.19175756
0.17401716
0.15070279
0.13930597
0.12197813
0.11319838
0.11128646
0.10510866
0.10116226
0.09024929
0.08231106
0.08248939
0.08050260
0.07847780
0.07552763
0.06839248
0.07610021
0.10577264
0.13150119
0.15276332
0.19736758
0.22780582
0.25514403
0.26170191
0.26253676
0.26583031
0.23779921
0.22682270
0.21157759
0.19237482
0.18232725
0.15524350
0.13209906
0.13353587
0.12045286
0.13107024
0.11163577
0.09561967
0.08902071
0.09261040
0.10053483
0.09917635
0.10302622
0.09369338
0.09140640
0.07783279
0.06623687
0.06270095
0.05977803
0.06026214
0.06624982
0.08382993
0.08864483
0.05573674
0.05364616
0.05905691
0.08805172
0.12638311
0.14042228
0.13752510
0.13645212
0.19493250
0.23796635
0.27361501
0.28454704
0.28156619
0.27708892
0.27678100
0.26606996
0.24755920
0.23977103
0.23192473
0.20659819
0.18527598
0.17960696
0.17015879
0.16667763
0.15898222
0.15862329
0.14251342
0.11512984
0.08711064
0.07980030
0.09957771
0.12244377
0.12871108
0.11405257
0.11545826
0.10344397
0.08965105
0.12187705
0.12229115
0.11111485
0.10210761
0.10363753
0.12222364
0.12654677
0.12116573
0.08466973
0.06833699
0.07759405
0.09788057
0.11078120
0.11038707
0.10929395
0.08841719
0.11108083
0.21121548
0.26421748
0.30184584
0.32232301
0.31068590
0.29341242
0.29863963
0.30021610
0.28931228
0.28066009
0.27157286
0.24928094
0.23451164
0.21894379
0.21679229
0.20612751
0.21143836
0.20984988
0.19935183
0.18432461
0.16936422
0.13599431
0.09966109
0.07174690
0.08603191
0.11644109
0.13074242
0.13689666
0.12471717
0.11379254
0.14077066
0.14656786
0.15510644
0.15144319
0.15755356
0.16394400
0.17044238
0.16800951
0.16266645
0.13435728
0.06763341
0.07165260
0.12187195
0.15754926
0.12357246
0.08040411
0.04403437
0.04090869
0.11907506
0.21491267
0.28384782
0.30919497
0.31650709
0.31900195
0.31337268
0.31048384
0.31987230
0.32530125
0.30807610
0.29843480
0.29450412
0.27030994
0.25428348
0.23586369
0.23065226
0.23956544
0.24685474
0.23944167
0.21857392
0.19869025
0.19133844
0.17233686
0.12619323
0.09743254
0.08977904
0.10716734
0.12892431
0.13066883
0.13469986
0.13371742
0.16184310
0.16509436
0.17099275
0.18760417
0.18562179
0.19534298
0.19347903
0.19687779
0.18852270
0.18121465
0.11930811
0.07553089
0.07940191
0.15531589
0.19311215
0.12247133
0.10050534
0.02481077
0.11042080
0.16612094
0.19473865
0.25817646
0.28440976
0.29818118
0.31266979
0.31285797
0.32624646
0.34950881
0.34129758
0.34917704
0.32725428
0.30524685
0.29812947
0.26948106
0.24711685
0.25412452
0.23849446
0.20837469
0.19465171
0.17501014
0.17394841
0.16383036
0.16272085
0.14614895
0.13105926
0.11655363
0.10129913
0.10019714
0.11124483
0.12083601
0.12248511
0.11379052
0.17643295
0.18988046
0.18841678
0.19863241
0.19066772
0.19390255
0.21330555
0.20540160
0.20749245
0.21450156
0.18875150
0.12843313
0.09425274
0.08523931
0.18221434
0.21113600
0.13885358
0.07543178
0.08144795
0.16458885
0.19035731
0.19482956
0.24022813
0.26303415
0.27420003
0.29929857
0.32635627
0.34129333
0.35839323
0.35647476
0.35906981
0.34371289
0.32638318
0.30624372
0.27985710
0.26440522
0.23841500
0.22826410
0.20298426
0.18731537
0.17882896
0.17662628
0.16234178
0.16557302
0.16813928
0.15685365
0.13572142
0.12685967
0.11112972
0.09801958
0.09214916
0.08699415
0.07782501
0.07237489
0.08040718
0.18156952
0.19516472
0.20095162
0.21032916
0.21307736
0.20354549
0.20877862
0.21873867
0.20820200
0.21044399
0.23056830
0.21700905
0.15838568
0.11157871
0.09659854
0.23670119
0.21659038
0.15659851
0.04058793
0.04734905
0.10283267
0.17620074
0.20001650
0.22735527
0.25897741
0.28268793
0.30227337
0.33756037
0.35206308
0.35962052
0.37351487
0.35950011
0.35798157
0.33095227
0.30720582
0.27354976
0.25937851
0.23386512
0.19467392
0.16938928
0.16597886
0.17974200
0.17980764
0.17080756
0.16162177
0.17572063
0.17515617
0.15850504
0.14474840
0.14030648
0.12966073
0.11459444
0.11074158
0.10408241
0.08993032
0.07588055
0.06877757
0.19562253
0.20930830
0.21550251
0.21457891
0.22335587
0.22741567
0.23419799
0.21658605
0.22409463
0.21978322
0.22434313
0.24405828
0.22281895
0.17780672
0.09700539
0.09181094
0.25597001
0.25316430
0.18100612
0.03049692
0.03682767
0.08254745
0.20104075
0.21728891
0.23980589
0.25814373
0.29779857
0.30696847
0.34306948
0.35573024
0.36318535
0.37287228
0.36859818
0.36127406
0.33720937
0.31012572
0.26382124
0.20754366
0.17998321
0.15268441
0.15738954
0.15355057
0.17149822
0.16774227
0.16203527
0.18232661
0.18625751
0.16476413
0.15903647
0.16288176
0.15850348
0.15550706
0.14877792
0.13824417
0.12687300
0.12367434
0.11029537
0.09274502
0.08164949
0.19947705
0.22552166
0.23086182
0.23231735
0.23809314
0.24081572
0.23359285
0.25144582
0.23803549
0.24346251
0.24774640
0.25409869
0.25412425
0.22137047
0.15493885
0.08567596
0.07421668
0.23691860
0.26816602
0.19268374
0.07917626
0.05469066
0.12325906
0.20807027
0.19854900
0.24450261
0.25927493
0.28898544
0.32945988
0.34506812
0.34933413
0.37240070
0.36581940
0.36241311
0.34856309
0.31497757
0.28059472
0.23528134
0.18679970
0.15774729
0.14412217
0.15204598
0.15575913
0.13786939
0.11967946
0.16965065
0.22407523
0.20224736
0.20484544
0.20899993
0.20495321
0.19367009
0.17911290
0.17304530
0.17673032
0.15713564
0.14593456
0.13347097
0.12344626
0.10519160
0.08250563
0.23943922
0.24539053
0.25333306
0.25635848
0.25547603
0.25148905
0.25098479
0.25754196
0.24120412
0.25535155
0.27125487
0.26882831
0.27737681
0.24621096
0.14900613
0.06773162
0.08204468
0.19016797
0.24719192
0.17854913
0.04550325
0.08328305
0.17220928
0.22656667
0.19669172
0.23657717
0.27603913
0.31414400
0.32599360
0.32842619
0.32133643
0.33100721
0.34107373
0.33848694
0.33257160
0.29085363
0.24903838
0.21085893
0.17933267
0.16574492
0.15774662
0.17127572
0.16672840
0.12984022
0.10326984
0.08869278
0.19932742
0.19580883
0.18623176
0.21247564
0.22151850
0.20673748
0.20178141
0.19708110
0.19087858
0.18225972
0.17714404
0.16483040
0.15548666
0.14569219
0.13559375
0.23544910
0.25707341
0.27097915
0.27306518
0.26443002
0.27297306
0.26628913
0.26227112
0.26804460
0.25649897
0.27308499
0.28731251
0.28729668
0.28088883
0.24008951
0.12103400
0.07691433
0.06967384
0.15449611
0.23941308
0.14982446
0.09914175
0.26257556
0.22309959
0.21849282
0.19010968
0.24533516
0.28651847
0.31569733
0.32106363
0.30649075
0.30456956
0.30700527
0.31842946
0.31361719
0.30413906
0.28204214
0.25458328
0.21306053
0.18325636
0.18858601
0.19776351
0.19371661
0.16618495
0.14346199
0.10606144
0.03427913
0.14373592
0.17134872
0.14785455
0.13734800
0.18497348
0.20662997
0.21875655
0.20994277
0.21606592
0.21952935
0.20245132
0.20216028
0.17920269
0.18019364
0.16981025
0.15888921
0.26012864
0.29087283
0.29429172
0.28368714
0.27153612
0.27827338
0.28206729
0.27232662
0.27765367
0.27998754
0.28693056
0.30520275
0.30019349
0.27388087
0.24759240
0.10577663
0.09401716
0.06752903
0.12164551
0.22470159
0.14571245
0.12327857
0.21291868
0.18840305
0.19401683
0.19420220
0.27604524
0.28839485
0.26002259
0.24850395
0.24284337
0.24964389
0.23694431
0.17460132
0.13169662
0.20755171
0.26458861
0.25789714
0.22199715
0.19799322
0.19384717
0.21672297
0.21149887
0.16089820
0.15699488
0.08396275
0.00123404
0.13293003
0.16424671
0.15231788
0.13098286
0.12508529
0.19067535
0.21149162
0.22123653
0.23804789
0.23624975
0.24495752
0.22139053
0.21264804
0.18499606
0.18723637
0.16453613
0.20477356
0.28513578
0.31135374
0.30822721
0.29293017
0.28431354
0.30192690
0.28676933
0.28128476
0.29009390
0.28164557
0.30044313
0.32076546
0.32069548
0.28851599
0.25610709
0.14470339
0.11037781
0.11303783
0.10501535
0.18410111
0.17906036
0.16969019
0.12976521
0.18475735
0.19980900
0.22684832
0.22700198
0.19099220
0.18694703
0.19110563
0.20760104
0.17890921
0.15860183
0.19064530
0.18528753
0.10376475
0.22908897
0.22142622
0.20643796
0.21697378
0.24100149
0.24165767
0.21851280
0.16997655
0.15131668
0.03490842
-0.00755432
0.09013978
0.17869437
0.17213894
0.17386974
0.13749779
0.14155437
0.21974625
0.23610135
0.25733469
0.27466593
0.26059813
0.24905762
0.24233137
0.22402838
0.22850123
0.21362134
0.16358968
0.22143145
0.29542236
0.31804537
0.31335532
0.30253842
0.29047564
0.30550460
0.30075981
0.29858596
0.29537699
0.30857822
0.32379900
0.32175311
0.33442115
0.31281156
0.27039636
0.17141684
0.12301686
0.15040196
0.12940263
0.12556327
0.16211983
0.18835230
0.20168813
0.20238164
0.18203383
0.17308878
0.16265006
0.16420931
0.17190699
0.16227070
0.17848883
0.19368954
0.16160540
0.11611163
0.21967352
0.19927907
0.18075330
0.21271815
0.22050139
0.24634054
0.26459729
0.25456381
0.22266999
0.19370099
0.15140388
0.00720234
-0.00859300
0.04888475
0.17562038
0.20987032
0.19721100
0.16820375
0.12121856
0.18757775
0.24730610
0.27194053
0.28138689
0.26560481
0.28093373
0.27826670
0.25113545
0.24414414
0.21684810
0.17761658
0.16087856
0.25455411
0.30921369
0.31939063
0.31656768
0.31072634
0.29744739
0.30739317
0.31362112
0.31283451
0.31934014
0.33229145
0.33401454
0.34651470
0.34887037
0.34670137
0.30688784
0.27134360
0.16656531
0.18346804
0.17157612
0.10607756
0.11953468
0.11943088
0.13642522
0.13523041
0.14126349
0.15640396
0.15921948
0.15598824
0.15926345
0.18501766
0.22020163
0.21673841
0.15446488
0.01443726
0.11663422
0.28192644
0.20278914
0.23788370
0.25740104
0.26728152
0.28976284
0.27759256
0.21942958
0.20182545
0.14498965
0.00967380
-0.00715984
0.04080327
0.16460812
0.24977430
0.25125329
0.20172934
0.14323362
0.14129054
0.22453516
0.24906931
0.27272163
0.27857969
0.27774219
0.27969386
0.27214551
0.26208233
0.23246973
0.20745774
0.15822626
0.16789344
0.27478260
0.31968034
0.32100847
0.32210710
0.31156096
0.30685702
0.30086201
0.32122094
0.31014808
0.31940551
0.33977831
0.34417711
0.35022010
0.36292612
0.34448066
0.32991118
0.26068604
0.25339311
0.21897844
0.20199180
0.17646610
0.12790514
0.12373927
0.13772134
0.15984274
0.17286881
0.17905866
0.19337765
0.22621885
0.24059041
0.25543040
0.25575332
0.21088073
0.16499602
0.02311336
0.06835993
0.26583501
0.27087459
0.28662799
0.28124198
0.29235500
0.29909788
0.31373530
0.24561869
0.21543934
0.15355159
0.02720619
-0.00698276
0.03122453
0.15634214
0.26779185
0.28667878
0.22471561
0.16614942
0.11913322
0.19577467
0.23811112
0.26582093
0.25915526
0.27375653
0.29004598
0.29138077
0.28151385
0.25199830
0.21603288
0.16755844
0.19511392
0.28797744
0.31949112
0.32703839
0.32556012
0.31632751
0.31850881
0.31006987
0.32364369
0.32704989
0.33301827
0.32969938
0.34403083
0.34901672
0.35225522
0.36038687
0.36385751
0.34968870
0.20994645
0.19492232
0.19139350
0.23953236
0.23760611
0.22555196
0.26905979
0.29396846
0.27949040
0.26549188
0.29205933
0.30655608
0.31986946
0.33149508
0.33792181
0.27160280
0.21810893
0.13718832
0.04610986
0.13850143
0.27493681
0.30823768
0.29578081
0.33126560
0.32323147
0.31841232
0.29049660
0.23238480
0.16326699
0.03663503
-0.00821841
0.02696176
0.15823533
0.27819072
0.30648794
0.23935087
0.18566981
0.11701554
0.16225035
0.21527566
0.26063445
0.25298443
0.27024612
0.27990712
0.30136979
0.29167287
0.27558117
0.22981135
0.17241444
0.22125343
0.28727755
0.31093946
0.33281838
0.33525599
0.33410836
0.32579568
0.34219233
0.33974362
0.34398374
0.35473299
0.35980538
0.35658509
0.35550590
0.36244601
0.36580334
0.39033728
0.40034967
0.35616898
0.32100653
0.29446100
0.32505049
0.32484884
0.33454616
0.36091464
0.39388468
0.38323239
0.37189834
0.38489847
0.37500346
0.39366637
0.40907702
0.43448373
0.36364598
0.28295323
0.25054954
0.15355905
0.08388551
0.22013016
0.29985039
0.30871086
0.34120908
0.34371185
0.28263649
0.30610200
0.22787685
0.16176093
0.04252287
-0.00753190
0.01277904
0.14259718
0.24355973
0.30243669
0.25231430
0.19302553
0.12190711
0.14545817
0.19468545
0.26009668
0.26596023
0.27238324
0.27418992
0.29213951
0.29728345
0.27645838
0.23038436
0.18918342
0.22242118
0.28715110
0.30546382
0.31871492
0.33796422
0.34549684
0.33452202
0.35534228
0.35602398
0.34793144
0.35734284
0.36924929
0.35799359
0.34830495
0.35299165
0.36310475
0.38150486
0.43123695
0.41565648
0.36594733
0.36139725
0.39510412
0.38331578
0.36646664
0.35285088
0.36259181
0.35652593
0.36430199
0.37246429
0.37242518
0.39617270
0.45136987
0.63366289
0.41807312
0.31634025
0.26018714
0.18625149
0.10878483
0.20007823
0.27526393
0.29312949
0.30686448
0.28654335
0.26209413
0.30701303
0.22063246
0.17161824
0.07228818
-0.00573424
0.00103867
0.13346421
0.25753626
0.32313183
0.25237737
0.20076260
0.12416810
0.15976843
0.19746856
0.26471712
0.27720671
0.28929557
0.28829393
0.30708162
0.29778545
0.26103577
0.22319164
0.17557650
0.21501454
0.28506188
0.31676910
0.32813507
0.34074676
0.34137373
0.34346840
0.36868225
0.35818220
0.34794143
0.35599479
0.37100659
0.35832272
0.34637386
0.36092123
0.36335379
0.39990082
0.43834927
0.38779900
0.35390945
0.32407514
0.37339182
0.38126453
0.36143989
0.36935088
0.37500386
0.37617038
0.35724740
0.37336896
0.38666964
0.39615464
0.42815451
0.47612036
0.37981059
0.31315166
0.26803885
0.15226340
0.13132288
0.26557638
0.31858689
0.32821685
0.32225106
0.30177362
0.30217730
0.29484327
0.22004643
0.21111403
0.09337157
-0.00614110
0.00508474
0.14143951
0.27972886
0.33499744
0.27392573
0.19621629
0.13059495
0.17867345
0.21205836
0.26006767
0.30404897
0.29188455
0.30459907
0.31635226
0.29360090
0.25073021
0.21793979
0.16281919
0.20741914
0.26509112
0.31969604
0.33908602
0.34922644
0.34910223
0.34237058
0.35887706
0.35813520
0.35096594
0.35279976
0.37036771
0.35342885
0.34439652
0.36156379
0.38221444
0.39664811
0.35237828
0.25521732
0.24930408
0.23311153
0.31096348
0.31397647
0.31492773
0.32145923
0.31853800
0.29579503
0.28749136
0.29289210
0.33088565
0.34973418
0.35853089
0.37776178
0.32406992
0.28208766
0.14355211
0.09447916
0.23947696
0.31623883
0.31388364
0.32794103
0.31778558
0.31368198
0.31686399
0.26058747
0.21392837
0.22043871
0.10860272
-0.00568696
0.00760245
0.14502728
0.27526547
0.32818899
0.26507555
0.19471015
0.14120255
0.20173284
0.23341838
0.27573028
0.29383205
0.28482073
0.30499661
0.29423719
0.29501128
0.24292901
0.20355949
0.16112138
0.21488693
0.27947096
0.32568000
0.33748113
0.34724224
0.35137374
0.34524343
0.36318767
0.35926111
0.35541371
0.35540116
0.36093598
0.34534762
0.35134036
0.36960038
0.37773913
0.38744840
0.33292202
0.25420689
0.25689521
0.24877803
0.26600546
0.24049841
0.21646553
0.20174630
0.22830067
0.24862710
0.25815649
0.24521000
0.24872027
0.25516275
0.28334516
0.32299823
0.27900443
0.22386893
0.03502819
0.08115113
0.27876113
0.28324426
0.27003961
0.29855687
0.27381052
0.27817187
0.30746908
0.26032366
0.20741339
0.21348794
0.14246677
-0.00124198
0.00448407
0.15018196
0.26603277
0.27366682
0.23224106
0.17743631
0.16076071
0.21782742
0.25816389
0.31083787
0.31147948
0.29304958
0.29045602
0.28514723
0.28217274
0.22769856
0.21061035
0.18460218
0.23096042
0.29749537
0.32874445
0.33971245
0.34551948
0.34465670
0.33965318
0.35880855
0.35297031
0.34443022
0.34605723
0.36233433
0.34701425
0.35736995
0.38882532
0.39461410
0.38690243
0.35617532
0.29660601
0.23756545
0.24316974
0.22519058
0.17781479
0.17404139
0.16662810
0.17791211
0.19027001
0.23189249
0.24431581
0.25483796
0.24034050
0.23163561
0.27294721
0.28754214
0.22543230
0.05372784
0.10215574
0.29097141
0.24011971
0.26896083
0.26418789
0.25866490
0.26835798
0.28165823
0.27946182
0.21785046
0.21972982
0.15643417
0.01377005
0.00480878
0.16531121
0.23850820
0.22940872
0.20615971
0.16835530
0.16730968
0.22826928
0.27753400
0.28773581
0.28681396
0.29883822
0.28658964
0.27858930
0.24916823
0.21044767
0.20762963
0.16380191
0.24282340
0.30634406
0.32408436
0.33716111
0.34353128
0.34354324
0.34145492
0.35523681
0.35191057
0.33439727
0.34239010
0.34966671
0.35104373
0.35880947
0.38129218
0.39381342
0.39440141
0.36740611
0.25553708
0.21974182
0.20717788
0.15543766
0.18706044
0.17690728
0.26324469
0.26927863
0.24197223
0.23438163
0.24133361
0.24912518
0.26809534
0.27517912
0.26004726
0.24637152
0.25513985
0.21678823
0.19479023
0.21065534
0.18117595
0.28152360
0.27615400
0.24547263
0.24801066
0.27072085
0.26188993
0.22568817
0.18289040
0.17147154
0.06042026
0.01067100
0.17213768
0.21269066
0.19865823
0.18070121
0.17591418
0.16875519
0.22275171
0.24722018
0.27460801
0.27882041
0.29021324
0.26674460
0.24000016
0.22834044
0.21023329
0.18912792
0.23098174
0.29500994
0.32125193
0.33844252
0.34468591
0.34735115
0.34255313
0.34514489
0.36055182
0.33851669
0.34890603
0.35496973
0.34859294
0.36034342
0.37380913
0.36626017
0.38759723
0.27697891
0.19143919
0.14519575
0.16435674
0.15505553
0.21164565
0.18245463
0.19527980
0.20832994
0.22349795
0.24599889
0.31806957
0.28713673
0.28277448
0.28709164
0.30764146
0.32056444
0.27266234
0.24486902
0.22408586
0.19138278
0.27917872
0.32222957
0.28951819
0.26940400
0.22732461
0.24242446
0.25125042
0.23703700
0.18557549
0.15719003
0.07803972
0.02030463
0.16539570
0.18865140
0.18031226
0.16893179
0.18447510
0.21308678
0.24815009
0.24749402
0.25996482
0.25238178
0.25470024
0.22066352
0.21481590
0.22910011
0.20282119
0.28649263
0.32630841
0.34035200
0.34285997
0.34304775
0.33480933
0.34507903
0.36658464
0.36003710
0.35249368
0.38034380
0.37793789
0.36195500
0.36988913
0.36362013
0.38035983
0.26411510
0.14442544
0.11181537
0.12063515
0.19945007
0.20612484
0.15912134
0.13095080
0.20896873
0.21976465
0.21099628
0.30750464
0.37566455
0.36645024
0.34827750
0.33748836
0.35809707
0.37404780
0.36274396
0.34706083
0.34373437
0.35242975
0.33548057
0.30213455
0.27017254
0.22349612
0.22328355
0.23562890
0.23011833
0.18710185
0.13801996
0.07712949
0.04696150
0.18447141
0.19842430
0.18434866
0.21836793
0.23966946
0.24950917
0.25604618
0.24550640
0.24283725
0.25181148
0.22022503
0.22469535
0.22991632
0.21782750
0.17698668
0.27230723
0.30563240
0.33232074
0.33530392
0.34494330
0.33906854
0.33471298
0.34831443
0.35077253
0.34766725
0.37643808
0.39249602
0.36613207
0.36010221
0.34635868
0.34296979
0.26337393
0.12758680
0.07854052
0.09660025
0.22879179
0.18623875
0.13525320
0.16080524
0.26074062
0.23104943
0.21709840
0.25837108
0.35636541
0.39949794
0.39599370
0.37873895
0.39930953
0.41313990
0.40182782
0.40012265
0.37219945
0.35362039
0.34592899
0.31942744
0.26865641
0.22587905
0.20020010
0.22184906
0.22755649
0.19914823
0.16397197
0.10862359
0.12278654
0.23479422
0.23729442
0.26716486
0.28610906
0.28466574
0.28605877
0.27009128
0.26398139
0.24904094
0.24077643
0.20762713
0.20803027
0.18724530
0.17058636
0.14558683
0.24592636
0.29665252
0.32029667
0.33593962
0.35031485
0.34610439
0.32543169
0.34136187
0.34529749
0.34099039
0.34401012
0.35693603
0.35278025
0.35449717
0.34342868
0.32341451
0.26238017
0.09922043
0.08767140
0.09789946
0.26605406
0.20171603
0.11770898
0.12663205
0.23242788
0.23016880
0.22478830
0.26428659
0.30955846
0.37727604
0.38792622
0.39480237
0.41467299
0.42406082
0.41576232
0.40676398
0.40061541
0.37968341
0.36130825
0.33845327
0.28269389
0.25663203
0.21659051
0.21445094
0.20711931
0.21534633
0.20310629
0.19372876
0.17892483
0.26221205
0.29937248
0.30325006
0.28649222
0.26124506
0.26591880
0.26261091
0.25238428
0.24218934
0.22336675
0.19900983
0.17723509
0.16041836
0.12957777
0.27440928
0.32513913
0.34636222
0.34809981
0.35565514
0.32947164
0.33742263
0.33963494
0.33358977
0.34390948
0.33736824
0.34081655
0.34024001
0.32736334
0.32345905
0.29452989
0.13101539
0.08796977
0.10137198
0.30436524
0.25164994
0.12253579
0.05615931
0.09671625
0.22116528
0.26900665
0.23333170
0.29236774
0.33770793
0.35341842
0.40344081
0.42440527
0.44355320
0.46135396
0.45093988
0.40221825
0.39041520
0.36245791
0.35454623
0.33090198
0.27386559
0.24247198
0.21499393
0.21197520
0.22293868
0.23956969
0.22588920
0.22198112
0.25373802
0.28338114
0.27175686
0.26437741
0.25705615
0.24929386
0.24183285
0.22608492
0.20614387
0.18808491
0.16828748
0.14715822
0.12554676
0.24902274
0.32481275
0.37136958
0.35195279
0.35058488
0.33578648
0.31924408
0.33424461
0.32591841
0.33896820
0.32716703
0.33828155
0.34091293
0.32198781
0.33335013
0.30545443
0.18886733
0.08819094
0.12181746
0.32446541
0.31884596
0.15221135
0.12954375
0.05146665
0.16795977
0.24959860
0.24689209
0.27827374
0.31404429
0.36740970
0.39299514
0.40880404
0.44567344
0.44499239
0.45146179
0.41692148
0.40319768
0.37696077
0.34555686
0.33366802
0.31724309
0.28773532
0.24990012
0.22641424
0.23104937
0.24056534
0.22964990
0.22469241
0.22905493
0.25137621
0.24816452
0.26062262
0.24623157
0.21377559
0.21011697
0.18181391
0.17287563
0.14765105
0.14308725
0.14326738
0.29531428
0.35840355
0.34539355
0.33408745
0.33133458
0.32390664
0.31828274
0.32600768
0.34229085
0.33178866
0.32926463
0.33076529
0.32494257
0.31755282
0.28761693
0.20803072
0.10508568
0.14224066
0.33392115
0.31132531
0.19167481
0.03669725
0.06890993
0.13196450
0.24459052
0.26312908
0.29198258
0.32275598
0.37093612
0.37821693
0.40360252
0.42161660
0.43592334
0.46290918
0.44333810
0.40743224
0.39114172
0.36609623
0.33247203
0.31274985
0.30078598
0.27426935
0.25717052
0.22643482
0.23084472
0.24109368
0.23412206
0.24882403
0.28739764
0.28208941
0.24523619
0.20574190
0.17732655
0.17109513
0.16832063
0.17084375
0.17320701
0.18826946
0.30766401
0.31885833
0.32267755
0.32658428
0.30685654
0.30349580
0.30964769
0.31221723
0.31675825
0.30406371
0.29610726
0.32367800
0.32298056
0.26519676
0.17813892
0.12307181
0.14187662
0.29585045
0.29103571
0.20108646
0.05136138
0.10837504
0.22682638
0.29130953
0.28169981
0.31365490
0.35017701
0.37863938
0.37735713
0.39234397
0.41303591
0.41463080
0.45329250
0.43529074
0.40727789
0.39132517
0.37513738
0.33860288
0.30968409
0.30055780
0.31165294
0.31281209
0.27094748
0.26733292
0.27464688
0.26653250
0.27721093
0.28984079
0.24088745
0.19144412
0.17277766
0.17360230
0.18734740
0.21025004
0.21927181
0.20978174
0.25317501
0.28239521
0.30247188
0.30587758
0.28992633
0.27711516
0.28110099
0.27321623
0.28518325
0.29278800
0.28908522
0.30736037
0.31003220
0.25992430
0.18648048
0.11110881
0.11676088
0.26178518
0.27571189
0.20178276
0.10864002
0.07574955
0.19163453
0.25852481
0.27534420
0.33559092
0.36712928
0.38659603
0.37299204
0.38286098
0.40903226
0.41016617
0.44475861
0.41340249
0.39575836
0.38072122
0.35038717
0.32911635
0.31454921
0.30165980
0.31064634
0.31748944
0.32120940
0.31019275
0.28676436
0.26756555
0.25934486
0.22384950
0.18318230
0.16236383
0.16234175
0.19418220
0.22390473
0.21988543
0.19955675
0.24772087
0.26646569
0.27796088
0.28912301
0.27135279
0.27382918
0.27846100
0.27858157
0.28598669
0.29419201
0.29506640
0.30749286
0.26637091
0.17782452
0.11086619
0.09485494
0.20140755
0.25459254
0.21951720
0.14139524
0.05234291
0.10912244
0.20754593
0.27452946
0.35180714
0.38520039
0.39364674
0.39903330
0.40645210
0.41047523
0.41070747
0.40338388
0.39229652
0.36372071
0.35412599
0.33326534
0.30870185
0.30362277
0.30247059
0.29708391
0.31421631
0.31691085
0.29576419
0.26807854
0.23491736
0.18970186
0.16060218
0.16576409
0.19520731
0.22997587
0.22567909
0.20636698
0.18342598
0.26588954
0.27055073
0.27167532
0.26770375
0.26824999
0.27384858
0.28518256
0.28137337
0.28472687
0.28322729
0.26610494
0.19700152
0.11283082
0.08958568
0.16361160
0.22299334
0.21446889
0.15595956
0.10973932
0.10196879
0.17583198
0.27780587
0.34024431
0.38011638
0.40304803
0.41723031
0.41052117
0.39725068
0.39012839
0.40102079
0.38926726
0.36624737
0.34810347
0.32854864
0.28641781
0.26704046
0.26262965
0.26523873
0.24987769
0.22875986
0.21313617
0.19688006
0.18870346
0.21114285
0.22620522
0.21867986
0.21492592
0.19331955
0.16007238
0.24239049
0.24414458
0.24337678
0.24118197
0.23805959
0.23997038
0.25145547
0.24883146
0.24750156
0.24358664
0.22108911
0.14027956
0.07799495
0.12711719
0.16656499
0.19123588
0.19640067
0.18291244
0.18648533
0.20039945
0.28737024
0.32483685
0.37396639
0.39069015
0.41166263
0.41103379
0.39734582
0.36212900
0.35074910
0.35233051
0.32410487
0.29501090
0.26603486
0.24112252
0.21937017
0.20865277
0.20414185
0.22682481
0.24274523
0.23442826
0.22997704
0.21512583
0.21204250
0.19898737
0.17880150
0.15831797
0.20289125
0.20157375
0.20628766
0.19830012
0.19590372
0.19556159
0.20298877
0.19831615
0.19901816
0.19807045
0.16081342
0.09823874
0.07478673
0.12722533
0.13890071
0.19504942
0.21705422
0.22345436
0.22068825
0.28497460
0.33246547
0.34919048
0.36654271
0.38043436
0.38617947
0.37314720
0.34654889
0.32509455
0.29228712
0.26167670
0.23827157
0.21794283
0.21728485
0.22546765
0.22850428
0.21769101
0.20569557
0.20270159
0.19001393
0.17531273
0.15199291
0.14462861
0.14187957
0.17247109
0.16374628
0.15942937
0.15761582
0.15541588
0.16528232
0.15623678
0.15322804
0.12438608
0.08320511
0.10169622
0.09863364
0.13220020
0.16806676
0.21048147
0.23790754
0.28156654
0.31167345
0.32227523
0.32193324
0.33530805
0.34000149
0.33173729
0.30775321
0.27980100
0.25363362
0.22228760
0.21184499
0.19547422
0.18411428
0.19218874
0.17330511
0.16559578
0.14876565
0.14048053
0.12527520
0.14204418
0.15762636
0.15636514
0.14434706
0.12629663
0.11879516
0.10721575
0.11616837
0.13811256
0.18963754
0.23751368
0.26325305
0.26253222
0.26493082
0.27390969
0.27071287
0.27880534
0.28197230
0.26530315
0.22105790
0.21496073
0.21329530
