0.17042306
0.16458922
0.17164459
0.16118976
0.09574354
0.13696495
0.18755377
0.21155206
0.23853125
0.23897376
0.22581908
0.22748097
0.22569384
0.22706602
0.22054598
0.21801247
0.20703221
0.19642103
0.18678553
0.16109569
0.13968939
0.12068782
0.11887139
0.11115010
0.10046831
0.05209265
0.10036494
0.15061574
0.20405178
0.26353815
0.28650348
0.28024188
0.28394030
0.29573294
0.30847368
0.29794577
0.27032648
0.26996360
0.24853413
0.22672715
0.21907043
0.19972712
0.19663988
0.19240030
0.17549567
0.17160832
0.14789643
0.13038781
0.12569535
0.11956810
0.11403142
0.10437624
0.09485393
0.08929090
0.07001607
0.07313450
0.08243208
0.10021789
0.09079801
0.06121774
0.05869726
0.07274649
0.11604436
0.16000282
0.18388514
0.19494514
0.24061258
0.30317370
0.34110877
0.33629178
0.34917896
0.34398021
0.34716895
0.31713717
0.29955974
0.28390925
0.25830462
0.24786652
0.21379079
0.19930970
0.20368126
0.19057573
0.20547588
0.17651467
0.16093499
0.14627674
0.13977496
0.14408928
0.13646292
0.13343269
0.12388207
0.11717652
0.10523508
0.10175698
0.12779635
0.11223653
0.10269804
0.09186999
0.10546177
0.11882789
0.14554124
0.15648822
0.08373073
0.08028184
0.08126264
0.11065336
0.14840660
0.16301734
0.15716922
0.14178524
0.24449607
0.30575422
0.35408279
0.37120432
0.36972593
0.35745184
0.35523390
0.35412962
0.33182364
0.29924991
0.29483786
0.29896543
0.27615403
0.25067891
0.24946713
0.23875590
0.23206252
0.21864761
0.22465728
0.21049785
0.18209877
0.14903010
0.12772618
0.12597227
0.13357097
0.13410091
0.13818726
0.13544501
0.13397617
0.12157672
0.12618941
0.18365693
0.19340171
0.18421400
0.17128267
0.16054870
0.17757916
0.20067276
0.19724720
0.17951398
0.16288753
0.09025841
0.10705542
0.14905694
0.15234187
0.13307430
0.10646997
0.07198081
0.10251505
0.23979816
0.31705010
0.37692874
0.42608863
0.43189920
0.41241074
0.37757163
0.37127040
0.35586421
0.34855802
0.33948247
0.33592228
0.32000848
0.30519604
0.28799718
0.29015530
0.27757224
0.27565343
0.27611716
0.26933809
0.25172878
0.23754343
0.20790790
0.17592892
0.14560156
0.13884156
0.13059021
0.15023486
0.15967754
0.14924079
0.14677171
0.14412955
0.14139209
0.20905034
0.20590289
0.21474326
0.23067294
0.22350805
0.23127195
0.24170409
0.24236511
0.23473290
0.23697206
0.22585923
0.13400830
0.08519139
0.10877433
0.21352523
0.19710782
0.10926853
0.04978423
0.07749887
0.13417583
0.20289793
0.30468058
0.38289236
0.42208356
0.43330507
0.41647964
0.40549506
0.38470527
0.37704643
0.38434831
0.35825256
0.35766226
0.36524838
0.34412692
0.32850062
0.31271598
0.30889485
0.32227527
0.32397875
0.31979603
0.31121468
0.29688649
0.28761308
0.26699762
0.21158859
0.18371210
0.17588876
0.16480871
0.15155950
0.14651885
0.14526918
0.14648333
0.14144708
0.13859392
0.14076076
0.23075814
0.23845417
0.23498811
0.24114505
0.25446420
0.24112164
0.26759388
0.25642264
0.26079580
0.26433375
0.25017373
0.22503891
0.14451648
0.10455258
0.14659036
0.24366180
0.17645052
0.13293236
0.05505618
0.18500627
0.20580451
0.22669802
0.26595383
0.34247954
0.37953447
0.40362958
0.40385615
0.38887930
0.39095181
0.41030239
0.39299857
0.40449611
0.38949251
0.36734751
0.37556804
0.34978698
0.32372968
0.33757084
0.33767292
0.30532808
0.29947028
0.26677870
0.25431186
0.24234785
0.26108376
0.23639459
0.22400483
0.21489155
0.20650484
0.18041478
0.17048940
0.16328067
0.14995221
0.13226103
0.11351305
0.10583712
0.12086869
0.12491558
0.23829093
0.25246920
0.26273130
0.26471712
0.26716146
0.24959142
0.25326186
0.27442227
0.27066597
0.26873050
0.29037219
0.29950397
0.25423012
0.16081049
0.11453275
0.13879770
0.26784781
0.17967083
0.10457834
0.10404827
0.22125284
0.25077709
0.26565833
0.25102993
0.32166691
0.35174341
0.38377265
0.39076549
0.38998868
0.39504320
0.40479597
0.40444074
0.41564786
0.41298942
0.39211831
0.38468643
0.36791020
0.34903469
0.31523558
0.30649802
0.28496733
0.25791868
0.24321548
0.25209129
0.25741383
0.25553485
0.24962285
0.24209415
0.22822968
0.22821037
0.23649623
0.22703311
0.21851688
0.19943663
0.17973139
0.17648550
0.14653869
0.11932715
0.11000059
0.09496647
0.24807084
0.27009905
0.27522132
0.27460415
0.27797743
0.28703175
0.26699855
0.27190224
0.28675246
0.27850471
0.27617959
0.29815399
0.31820096
0.29266180
0.24110559
0.13533686
0.15221151
0.31183327
0.19956194
0.07026282
0.07503456
0.10392794
0.19311278
0.25193742
0.24682516
0.32064879
0.35796637
0.40456617
0.37396069
0.39754073
0.40484118
0.40447397
0.42804040
0.41786208
0.43875470
0.40476783
0.39590473
0.36256580
0.33906149
0.30618811
0.26062490
0.22997394
0.21872407
0.22075500
0.23065732
0.23031279
0.25155563
0.26214671
0.26212295
0.27022597
0.25401608
0.24306018
0.23167797
0.23942070
0.22333222
0.22428190
0.20781815
0.19222053
0.19343448
0.17129411
0.13408269
0.11221969
0.28705793
0.29721641
0.29362232
0.29438249
0.30860265
0.29402890
0.31109362
0.29327168
0.29194634
0.30395259
0.29806644
0.31479751
0.33262248
0.27683080
0.23627190
0.12964908
0.12384387
0.32863726
0.24852806
0.06757867
0.08977542
0.09690371
0.18414599
0.29626823
0.26762647
0.33639642
0.35111912
0.38811563
0.36395306
0.40754937
0.41707299
0.44132032
0.45604695
0.45207408
0.44520099
0.42334550
0.40629041
0.35081521
0.28556846
0.25370641
0.21350393
0.21020960
0.21013180
0.21887919
0.21685327
0.22441838
0.24304840
0.24893558
0.25276299
0.26148898
0.24728773
0.25333752
0.26667148
0.26423626
0.25905217
0.24294095
0.23329774
0.24773282
0.23119726
0.21262702
0.19320104
0.17882087
0.14993161
0.30475812
0.31305740
0.31610474
0.31365795
0.32539489
0.32068828
0.30515220
0.32955894
0.31990619
0.32195670
0.33216142
0.33269311
0.33783253
0.33804231
0.29823274
0.20584580
0.11455943
0.08611384
0.28617538
0.22941166
0.07883262
0.09991210
0.13196424
0.27594857
0.26623950
0.26418094
0.34727405
0.34642297
0.34647997
0.41229066
0.42742509
0.42935405
0.47987877
0.46313678
0.44946398
0.43594079
0.41224045
0.38528698
0.31963135
0.25980325
0.22573524
0.22359576
0.22846486
0.21991373
0.16727948
0.14283659
0.21493342
0.24232007
0.36471780
0.29359580
0.23687126
0.22875817
0.24088368
0.26282037
0.27489421
0.26415147
0.25980379
0.26363979
0.26181638
0.26150265
0.26328045
0.24307438
0.23247417
0.22243171
0.19487444
0.32039159
0.33299649
0.33744277
0.34187884
0.34785624
0.33629857
0.33507718
0.32304106
0.34015786
0.32252026
0.31759875
0.34973787
0.36151263
0.36314234
0.37085417
0.33578108
0.20314794
0.08323116
0.09996352
0.22687132
0.19746335
0.10519233
0.17592086
0.31379226
0.33790873
0.26264908
0.28288030
0.34564639
0.36282992
0.40143645
0.43088857
0.42923114
0.43276785
0.43366717
0.44995272
0.43235064
0.42662816
0.40833476
0.33924452
0.29668353
0.25787507
0.24779545
0.23244711
0.25199956
0.20008223
0.15112203
0.12624447
0.09375318
0.17194666
0.28256177
0.30994516
0.29601196
0.22330342
0.17497360
0.16754553
0.20466560
0.21509536
0.24519632
0.25985241
0.27505179
0.28149950
0.29795518
0.26685536
0.27747120
0.24536944
0.25194512
0.22308599
0.16050597
0.35013187
0.35121940
0.36282477
0.35240626
0.33883655
0.35285757
0.34330003
0.35159407
0.34966171
0.34517257
0.35147973
0.36660450
0.37425632
0.37851761
0.38383914
0.34303365
0.15623105
0.10063574
0.07352276
0.17946105
0.19017791
0.14818409
0.29826899
0.46120429
0.27321892
0.24249954
0.26811698
0.35047975
0.35672523
0.40902251
0.42204185
0.41651425
0.41796760
0.43130757
0.42048320
0.41508240
0.42511783
0.39248433
0.34851151
0.29766261
0.27418628
0.26775753
0.27613146
0.24885891
0.19022311
0.16055921
0.10028813
0.02357995
0.01222259
0.11707605
0.17209358
0.20541174
0.21960760
0.19862975
0.17315431
0.14191163
0.14789054
0.19492241
0.24051121
0.26561473
0.30696008
0.30415181
0.31663130
0.28407870
0.28313678
0.25326247
0.24897331
0.19683121
0.13677918
0.31659171
0.37215703
0.38889602
0.37900918
0.37065556
0.35430063
0.36383167
0.35978648
0.36090438
0.35417717
0.35348054
0.36120637
0.37906869
0.38844626
0.39491931
0.36680842
0.35984609
0.17558890
0.12959756
0.08742157
0.12831973
0.23726566
0.16048527
0.16225438
0.33430569
0.24236741
0.25536164
0.27659197
0.37316445
0.35991603
0.33766663
0.34488426
0.35785131
0.37675393
0.35422442
0.25264706
0.16162817
0.22703316
0.35958637
0.34523435
0.29229301
0.26923845
0.28404675
0.29135857
0.22965539
0.19564466
0.13692118
0.04425509
-0.00938196
0.04527083
0.18017959
0.13263682
0.11479486
0.15577150
0.20271193
0.20556892
0.17498395
0.17235199
0.12677247
0.20257851
0.26752590
0.31405861
0.35684549
0.34937398
0.32625528
0.30892922
0.28468276
0.30323267
0.27321975
0.17555106
0.30482890
0.38971597
0.40005136
0.40276758
0.38140206
0.36273095
0.38252326
0.38123800
0.36077835
0.37389563
0.36420401
0.36890959
0.39054776
0.42021102
0.42326425
0.39410197
0.37644807
0.23047712
0.14361589
0.15075149
0.11308336
0.22542876
0.17626090
0.22286086
0.21876092
0.28242595
0.27069625
0.31247654
0.28185592
0.25324773
0.26063205
0.26853683
0.29578937
0.25460082
0.19873653
0.18519879
0.21027365
0.11424938
0.27367074
0.29063277
0.28390356
0.30083983
0.34448272
0.32080675
0.24285272
0.20734938
0.10480782
0.00518057
-0.00906848
0.09886513
0.21891368
0.18911069
0.16338305
0.10820896
0.18018338
0.24007284
0.22115362
0.20170861
0.16772663
0.11037148
0.23231631
0.32116601
0.35312676
0.34491156
0.36007739
0.36487810
0.32584934
0.31202500
0.27798295
0.21343731
0.11743505
0.23520585
0.33054930
0.38979049
0.40819051
0.40328594
0.39198843
0.37458366
0.39497689
0.39516149
0.41376969
0.37724855
0.38968848
0.40073385
0.41078122
0.40593877
0.44041357
0.44098353
0.40611484
0.26505546
0.16602925
0.19297732
0.16041660
0.14352760
0.17973549
0.25170747
0.28235276
0.28204424
0.22271192
0.22101469
0.22736324
0.22739239
0.22895887
0.20530588
0.19955373
0.24032242
0.23169155
0.16087164
0.14837064
0.23165178
0.19514618
0.27523951
0.28549332
0.33615275
0.37891172
0.30507901
0.25932479
0.20856011
0.08237092
0.01689220
-0.00916590
0.04649293
0.21172548
0.25216252
0.21930586
0.16187182
0.17152279
0.22971624
0.28893845
0.30405729
0.22931371
0.15325244
0.12903983
0.28342600
0.35278224
0.34860400
0.36238979
0.37212747
0.34486987
0.34213440
0.31051382
0.24743181
0.16513367
0.25604170
0.36075376
0.40318980
0.40203736
0.41116304
0.40613927
0.38640077
0.39472970
0.39568053
0.40403952
0.41060006
0.41237751
0.42179451
0.42243314
0.44584765
0.46916997
0.48957770
0.48505112
0.42365380
0.27082356
0.26466145
0.23521839
0.12632640
0.14521744
0.15369009
0.17094171
0.17255478
0.19683399
0.21214020
0.21250299
0.20142186
0.21152891
0.22608232
0.25728637
0.28219360
0.24978356
0.13136027
0.03226022
0.27896034
0.21744108
0.30322651
0.34198609
0.37554702
0.41793640
0.34467697
0.25953554
0.20587899
0.11088929
0.10018659
-0.00530921
0.01193569
0.20333902
0.29397571
0.30384508
0.22028136
0.22707127
0.20071636
0.30751616
0.39815536
0.27822558
0.19699673
0.10016901
0.24268807
0.33471057
0.32554596
0.35514031
0.36612372
0.39030485
0.36078222
0.32144242
0.27459444
0.18342615
0.26962220
0.37911757
0.40683763
0.40406255
0.42098962
0.40029624
0.40494660
0.39363833
0.40429669
0.42186053
0.39499605
0.42332702
0.44485872
0.45367985
0.45923075
0.48558143
0.48869711
0.51179755
0.38416480
0.32878997
0.29351407
0.25673662
0.23835353
0.19254404
0.18156823
0.20398032
0.21850451
0.23950112
0.24702560
0.25547102
0.28556217
0.31096923
0.32665169
0.33455088
0.32177564
0.24500878
0.19159412
0.02153057
0.16907309
0.30812284
0.37147770
0.38471473
0.42074615
0.42780829
0.39135653
0.30566719
0.20790512
0.11715294
0.15832359
0.00389948
0.00983246
0.22570467
0.31853632
0.39548776
0.28320113
0.23588499
0.24859597
0.27602616
0.44605362
0.32075544
0.22464193
0.13656706
0.15754709
0.32025034
0.32358032
0.32361749
0.36285360
0.38677772
0.38688391
0.34936987
0.30162747
0.19597119
0.16822800
0.28265744
0.38232566
0.40687665
0.41887824
0.41769828
0.41972130
0.41711470
0.41904592
0.39398929
0.42851987
0.43634579
0.44948892
0.44437757
0.45602471
0.45967517
0.46240338
0.50755736
0.55054279
0.54337593
0.32421506
0.28171046
0.26011965
0.32257228
0.35352653
0.33940743
0.36172829
0.36443632
0.38032440
0.36332928
0.35522534
0.38776444
0.40294405
0.41802132
0.42747729
0.43942276
0.33681865
0.28618143
0.18649941
0.06414074
0.20265668
0.39523081
0.39654452
0.45581472
0.48193540
0.37503859
0.36050614
0.20712683
0.09922087
0.14712520
0.00515677
0.00043267
0.20488693
0.32335048
0.32336545
0.29848856
0.22106821
0.48937537
0.23008280
0.36505762
0.32375925
0.23077859
0.16022516
0.10198390
0.29300104
0.33421418
0.33845188
0.35040470
0.34609203
0.38935395
0.35365824
0.30601201
0.21664994
0.08987664
0.22200419
0.31929779
0.38007731
0.39839016
0.42135688
0.44669214
0.44701942
0.44074495
0.44545820
0.47488913
0.45038244
0.46113888
0.49309197
0.48072710
0.47289610
0.45807524
0.47224706
0.50780043
0.54988157
0.55337106
0.47504738
0.44000075
0.40235698
0.44027720
0.47023666
0.45937688
0.44408175
0.45080265
0.46678364
0.45997230
0.46451944
0.45990961
0.46388837
0.51037369
0.57004541
0.58488934
0.46298521
0.36174204
0.29643390
0.14886041
0.13482512
0.32796255
0.37164720
0.43843683
0.41692116
0.32396127
0.36696759
0.20870893
0.10298171
0.12918323
0.05492226
-0.00420547
0.12928761
0.26806257
0.24693239
0.25537889
0.21924174
0.40069590
0.21984368
0.30551773
0.31753605
0.25378069
0.16443945
0.09167087
0.25680511
0.34232822
0.33736416
0.36835672
0.36595071
0.38771066
0.35901023
0.30241222
0.20540913
0.08763035
0.23199194
0.30769331
0.38707865
0.39787351
0.41151028
0.44095581
0.47037583
0.46170697
0.44358049
0.49302146
0.46687999
0.47201331
0.48698061
0.49230416
0.46894487
0.44896257
0.46670913
0.48696970
0.54009095
0.61111930
0.57557165
0.46820963
0.46376054
0.53213876
0.56795996
0.51064065
0.47396871
0.46798703
0.45688868
0.46100787
0.46066938
0.46387659
0.45234026
0.50104893
0.64817661
0.76546385
0.50083811
0.37631832
0.30154154
0.19531570
0.14297422
0.33379034
0.36667979
0.38147511
0.36485381
0.35091606
0.37088972
0.24417206
0.15475030
0.10442525
0.08518842
-0.00216871
0.15713246
0.28997437
0.24009589
0.26437023
0.21312855
0.39757022
0.23137120
0.38013804
0.38634401
0.26332981
0.17819896
0.09872213
0.26792545
0.33906687
0.35037824
0.36828028
0.37259460
0.39287740
0.35071741
0.29144103
0.19190661
0.09565976
0.21402598
0.30793527
0.37056321
0.41898330
0.43303686
0.45792379
0.46783336
0.46618879
0.48012806
0.49272458
0.48189510
0.46702315
0.48054555
0.48901098
0.46703619
0.44642963
0.48877479
0.49633902
0.55860109
0.61809236
0.48072348
0.44704503
0.40554250
0.46604199
0.52084479
0.48164876
0.46989243
0.45315724
0.42989082
0.45252367
0.44088897
0.45889721
0.48131871
0.49914230
0.54296783
0.55694116
0.44298906
0.37582668
0.28965771
0.13772074
0.27918190
0.42096230
0.44799962
0.42912173
0.41454404
0.40614739
0.35632862
0.26136211
0.18208151
0.06651069
0.01317051
0.00469812
0.23522753
0.35419680
0.30496131
0.26104725
0.20403601
0.40846658
0.22994378
0.34721209
0.40121399
0.25998084
0.19047348
0.11727622
0.25242102
0.32010905
0.35316375
0.33629359
0.36184343
0.37565458
0.36727655
0.28841410
0.18850487
0.21839531
0.30775488
0.35567441
0.42693899
0.44746170
0.45736930
0.48301048
0.45097179
0.46556968
0.48736974
0.48363964
0.47424908
0.49095684
0.48831572
0.46648389
0.45413440
0.48576954
0.52766324
0.56526022
0.46708803
0.35687934
0.31456926
0.30113064
0.36808930
0.39936090
0.39869452
0.36106940
0.36469314
0.35884949
0.33960166
0.36377185
0.36721499
0.40592331
0.42339816
0.43561672
0.45267592
0.36643435
0.32270358
0.09542113
0.23475792
0.33543153
0.35978707
0.39107220
0.38192429
0.42225157
0.43321167
0.33973153
0.26876121
0.20432387
0.05348398
-0.00649576
0.00072988
0.19432991
0.22863004
0.23234795
0.20063067
0.23743527
0.26036567
0.23740463
0.37128733
0.35325251
0.22463041
0.16489462
0.15371214
0.26337803
0.36370327
0.36859873
0.35092959
0.36295546
0.38473628
0.37009480
0.26707678
0.21199156
0.22691841
0.30066798
0.38053465
0.43456791
0.45056261
0.45153483
0.47983029
0.46311673
0.45950962
0.49356509
0.48791715
0.48857433
0.47230337
0.47551033
0.44830340
0.45702330
0.50720868
0.55031206
0.58785952
0.46982450
0.35083609
0.31727320
0.33779969
0.33213982
0.27906755
0.25740959
0.24213029
0.25914113
0.28666010
0.31373129
0.31667723
0.31385732
0.31212548
0.31337427
0.35955278
0.39455445
0.32637630
0.22282806
0.02309724
0.31373533
0.28224861
0.29904502
0.34701058
0.34010301
0.37771783
0.41078711
0.35634756
0.26476259
0.22653133
0.08217338
-0.00606343
-0.00586422
0.10076605
0.23466214
0.22076518
0.19004754
0.19084140
0.16120513
0.24768351
0.31373609
0.27507386
0.20170119
0.14064535
0.18457855
0.28810174
0.38439927
0.40094894
0.38744679
0.39993905
0.38912548
0.33557689
0.26814788
0.19605543
0.35015363
0.41934998
0.43278563
0.45265216
0.45340892
0.47049707
0.46182011
0.46124543
0.48844909
0.46238913
0.45667863
0.46542863
0.47670814
0.44794834
0.45853952
0.52992563
0.56567426
0.60278164
0.53791059
0.40583426
0.32772294
0.29035936
0.24294016
0.20908791
0.20822371
0.25085434
0.27645729
0.25134803
0.28438673
0.30526517
0.32650146
0.32968366
0.30227619
0.28949691
0.33851892
0.34404961
0.24071474
0.09658435
0.27090139
0.21172298
0.35231535
0.36559775
0.33752591
0.34680431
0.39931208
0.38419724
0.27548918
0.23145454
0.16299862
0.02913372
-0.00760418
0.02912163
0.21142089
0.18816780
0.12327652
0.15184231
0.18201430
0.25576503
0.26114938
0.22485267
0.17720607
0.15498871
0.21214824
0.31207145
0.35393422
0.39581230
0.41445377
0.38205469
0.33883359
0.30590051
0.24863496
0.15470951
0.34992137
0.41716495
0.43441016
0.44696291
0.44632644
0.46785751
0.45373224
0.45398285
0.49001961
0.45338588
0.45360604
0.46475204
0.46057817
0.45326934
0.45705289
0.50938458
0.54476780
0.61244116
0.52667769
0.32979091
0.27586526
0.23638923
0.15929255
0.21821069
0.25328140
0.35424344
0.35297768
0.33629430
0.34175805
0.33938639
0.32398090
0.34255611
0.35394680
0.36715064
0.33516938
0.29447215
0.29405620
0.29029073
0.23420541
0.22339285
0.41911032
0.38869683
0.35907521
0.32690443
0.35274199
0.37051546
0.30764976
0.23845451
0.18269681
0.10022138
0.01030654
-0.00348904
0.06451150
0.10835942
0.16200084
0.21040211
0.22962751
0.22214355
0.21384480
0.19166501
0.18212227
0.20052564
0.27903812
0.33023133
0.36768455
0.37296849
0.35798044
0.31851990
0.33517644
0.30876636
0.19212613
0.32489735
0.40306068
0.44216525
0.44576189
0.44637309
0.46457826
0.44590313
0.45584846
0.49603213
0.46977554
0.45301675
0.46330353
0.46729286
0.45963552
0.46379669
0.48838268
0.50420336
0.60422496
0.48006979
0.23073054
0.16639508
0.18287780
0.19013825
0.20709291
0.23349522
0.23725970
0.26739099
0.27701790
0.32726053
0.45932041
0.41600574
0.40133575
0.40592549
0.42153946
0.45930637
0.47265237
0.38890449
0.35285404
0.39078766
0.46661727
0.45660470
0.40855303
0.37962023
0.31724397
0.32905701
0.34407062
0.32779939
0.25782177
0.19251845
0.15616369
0.09595276
0.04904910
0.12582578
0.25022424
0.29613673
0.29504927
0.26493261
0.23572851
0.21757822
0.23835356
0.25340276
0.29764037
0.32960988
0.34069638
0.36778075
0.33573968
0.33680066
0.33073748
0.30849343
0.21378446
0.40469391
0.44423133
0.44692656
0.44665321
0.45651910
0.44967091
0.44694395
0.48530326
0.49043855
0.46534949
0.46645988
0.53832276
0.49569365
0.46249619
0.48261256
0.48992421
0.53288950
0.43854054
0.19992671
0.13076681
0.11877193
0.25331331
0.17663509
0.15933337
0.28003760
0.26107260
0.28896385
0.27548254
0.40102765
0.49582272
0.49841935
0.45807972
0.43762284
0.49377527
0.54500187
0.51909210
0.51031885
0.48457265
0.47511138
0.47715689
0.44809419
0.38314951
0.32912916
0.28999606
0.32270310
0.33383741
0.28459157
0.23449370
0.18704204
0.22598674
0.20561986
0.26111310
0.38134807
0.36240059
0.30255545
0.30711761
0.31283377
0.32361220
0.33639105
0.35363029
0.34812094
0.34350650
0.34275599
0.33649530
0.31258127
0.29716894
0.27321255
0.20916289
0.38215343
0.40208081
0.43566781
0.44359941
0.46378877
0.45439832
0.43580652
0.43603031
0.45686787
0.46537355
0.45736552
0.49564727
0.51766319
0.46278793
0.47317161
0.46057469
0.48134327
0.39748454
0.19147510
0.09493971
0.10344677
0.27373578
0.16982634
0.14485447
0.46865519
0.40435391
0.31624854
0.27656249
0.36760116
0.46435112
0.51580762
0.51233205
0.49209553
0.51657303
0.53579764
0.53433704
0.51510352
0.51159892
0.48661346
0.48660710
0.45983916
0.39042606
0.35396608
0.30389501
0.29530905
0.28577361
0.28753967
0.28971954
0.28834545
0.27070786
0.30103472
0.34089438
0.32735224
0.35411073
0.36417769
0.36014823
0.34962347
0.33547239
0.35920428
0.34880798
0.33783156
0.34193962
0.32560376
0.29171259
0.26982259
0.22063351
0.16464577
0.36094249
0.40337909
0.43337529
0.43781694
0.43923657
0.46335509
0.42240567
0.42363437
0.45715019
0.45232783
0.44190974
0.44110819
0.44633322
0.43067900
0.45913092
0.46301413
0.44860480
0.38244343
0.16138717
0.10578850
0.11187115
0.31581669
0.19138898
0.10366768
0.19584047
0.33614183
0.30093894
0.28700927
0.33977198
0.39844528
0.45219053
0.45449994
0.48770598
0.52099202
0.54488152
0.57014418
0.57006361
0.52918139
0.52159589
0.48911546
0.48391721
0.45779502
0.38170532
0.33581676
0.30244412
0.29453867
0.30322978
0.31799957
0.30398628
0.31074877
0.31069221
0.34681970
0.34945160
0.34983318
0.33540970
0.36165644
0.35364975
0.33208859
0.33826507
0.31756489
0.31105963
0.28874740
0.27519079
0.22767762
0.18066715
0.18202529
0.38961766
0.43852504
0.43867155
0.43610216
0.46124244
0.42966141
0.42559289
0.45060888
0.42963988
0.43542728
0.44199410
0.42603841
0.44220030
0.44959068
0.42181677
0.43448090
0.43140582
0.21396995
0.10573998
0.11545792
0.37809519
0.23278262
0.07231384
0.10400622
0.15621415
0.35937493
0.34566453
0.30798380
0.40539638
0.44666114
0.45502859
0.48504921
0.50722867
0.53561287
0.55912563
0.57420610
0.53447498
0.52352583
0.50608273
0.48067413
0.46729588
0.44154812
0.40248471
0.36487898
0.33233642
0.31488872
0.32108946
0.33691640
0.34113323
0.33339298
0.36564595
0.37466845
0.37351486
0.35616943
0.36424936
0.32062736
0.31414989
0.30912570
0.27147457
0.26178221
0.21302888
0.18225141
0.18900969
0.22111219
0.36353954
0.43899548
0.46065239
0.43681128
0.45056218
0.43944598
0.40680543
0.42940686
0.39788186
0.44796530
0.43224676
0.41829465
0.43937311
0.44056129
0.42347738
0.44441417
0.41440457
0.27942883
0.12476825
0.14282044
0.42667504
0.28725860
0.08252241
0.08884118
0.13701352
0.26596019
0.34062840
0.32534527
0.38717679
0.40756211
0.49059213
0.48151120
0.50092679
0.52422760
0.52358112
0.55306053
0.53503588
0.51416075
0.50450901
0.48692532
0.46377734
0.43572784
0.41486335
0.41571556
0.40529916
0.36765106
0.35637467
0.38449962
0.36239300
0.35328524
0.36938451
0.37432566
0.33083229
0.32325945
0.28957632
0.27105240
0.26621072
0.23448943
0.21035001
0.18817521
0.20380207
0.23529097
0.41295874
0.43911298
0.42270048
0.41392612
0.42865730
0.42177326
0.39691451
0.40465929
0.43336297
0.44607287
0.42718995
0.42315199
0.41606309
0.42148303
0.41460609
0.39058579
0.29619285
0.14936852
0.18422688
0.43941101
0.30207678
0.08314033
0.09935638
0.14395366
0.28988323
0.35551675
0.35149348
0.42207495
0.46407695
0.49975028
0.48360702
0.48093640
0.50644037
0.49302542
0.53836483
0.53699948
0.50370133
0.50673005
0.49642014
0.46351939
0.43777652
0.41810376
0.41898926
0.43683495
0.40613060
0.39629634
0.37908129
0.35659998
0.34111598
0.34043040
0.33027159
0.28041158
0.27253811
0.24226175
0.23091062
0.21482247
0.20596195
0.21152828
0.23687582
0.23296460
0.39033631
0.39504143
0.39620751
0.41805864
0.39780958
0.36942910
0.38928839
0.37145973
0.39487145
0.40161444
0.37186372
0.38481017
0.41820853
0.42410167
0.34764299
0.23990700
0.16559445
0.16817274
0.38519351
0.30521263
0.13269479
0.17096331
0.33031274
0.35024784
0.39366524
0.37821960
0.41996764
0.47023057
0.51394537
0.48786938
0.46606154
0.50054471
0.49347819
0.53793701
0.51262232
0.48777086
0.49148461
0.45502307
0.43769472
0.42286371
0.41701909
0.41732543
0.41222988
0.43567466
0.42271760
0.38641627
0.34153449
0.30895150
0.27672932
0.24491321
0.21875722
0.20840333
0.21254679
0.21686668
0.21306246
0.21360386
0.22335646
0.36330661
0.38612090
0.38571462
0.37996673
0.33984564
0.34544016
0.33890131
0.35685824
0.37097114
0.35732607
0.38393198
0.39880898
0.39822657
0.32371305
0.25940978
0.14341845
0.14551562
0.33780987
0.31579517
0.19710654
0.07252404
0.19681277
0.27918289
0.30930264
0.37234130
0.45499673
0.50726005
0.53608549
0.51553698
0.49799618
0.49583067
0.49230062
0.50233927
0.46934764
0.44818784
0.44324386
0.43645090
0.42189549
0.40537416
0.39525947
0.37533273
0.36908420
0.34774672
0.32835731
0.29813589
0.26378927
0.22710402
0.20967083
0.22263097
0.21548350
0.21293737
0.20212165
0.21473102
0.34784737
0.35373439
0.37286631
0.35166316
0.34318267
0.35729403
0.33942761
0.35213506
0.36684853
0.36785967
0.37966437
0.38808251
0.32483374
0.21636265
0.14815046
0.12760258
0.27583592
0.32470975
0.19405317
0.10642231
0.08593428
0.16729584
0.28417934
0.37761142
0.47675673
0.52063216
0.54553800
0.54241079
0.52863809
0.49503315
0.47473109
0.50277203
0.49267489
0.46409772
0.45398842
0.42656056
0.37833547
0.35094790
0.33613199
0.31738128
0.29732942
0.27152153
0.25732691
0.26457788
0.24601134
0.24759048
0.23213699
0.22356093
0.21708724
0.20302490
0.34122445
0.34088291
0.34521311
0.33522762
0.33423544
0.34240003
0.35027531
0.35539411
0.35200806
0.35923371
0.34618190
0.33837925
0.25489752
0.14216182
0.11992163
0.21976182
0.28724073
0.26333781
0.16672550
0.15146348
0.16999062
0.31199617
0.39240524
0.45408381
0.52504561
0.53214492
0.55814211
0.53266144
0.49004421
0.45785216
0.43112869
0.44109265
0.40721353
0.36759523
0.35317252
0.32423414
0.29738496
0.28609376
0.26984967
0.27257756
0.27195755
0.25522626
0.23277756
0.22168113
0.22841853
0.20922234
0.30481402
0.30606485
0.30315139
0.29824365
0.29129821
0.29104053
0.29945444
0.29983124
0.30385979
0.30670005
0.29471706
0.27013001
0.15874957
0.09437024
0.14689234
0.21538950
0.23894970
0.25044140
0.25111807
0.25014558
0.32489581
0.43419802
0.45994437
0.51477011
0.49808935
0.51375159
0.51291852
0.49740741
0.45107501
0.42683710
0.37623382
0.33086742
0.31738359
0.30218792
0.30465076
0.29776966
0.25993392
0.25132223
0.23777889
0.22047356
0.22847986
0.22573012
0.25101200
0.26130662
0.24903143
0.23542008
0.22784572
0.22921005
0.21324174
0.21587218
0.22751223
0.23152358
0.19215254
0.10700183
0.11631549
0.13425641
0.19715856
0.26345553
0.28360382
0.29341751
0.34660332
0.42740712
0.46638839
0.46751352
0.48337867
0.48346715
0.47335729
0.46123102
0.42925033
0.38283496
0.34408971
0.31308715
0.27099647
0.23831853
0.21041168
0.19998657
0.18844726
0.18659789
0.19136706
0.20589206
0.19760345
0.19750088
0.17965935
0.12968241
0.11560551
0.11026488
0.12981497
0.18084121
0.24386041
0.31378493
0.36495022
0.40691121
0.41492427
0.41178325
0.40971724
0.40545338
0.41892203
0.40219579
0.37762239
0.33848986
0.17242837
0.17085111
0.18017788
0.22048413
0.27911686
0.32113971
0.33291558
0.32538898
0.32637756
0.33075178
0.32356670
0.30920205
0.28755874
